2.866576611617187
1.696661339462454
1.1738038352481437
-1.1374802042338934
-1.0575197323450032
-0.9876144260190033
0.03675898756877515
-0.30485259617746996
-1.7648860249573246
-2.369945303769857
0.8482793385866249
-1.295627653053531
1.382376648565523
0.5681192506194711
-0.7582297558556005
2.229560273157274
-0.983618424764104
0.7804757023508009
0.7115180782466869
0.8908745199711511
2.051649587301069
-1.5044059447167768
1.581895488853583
2.33740806419802
-0.8566051694304683
-0.30350549315061454
-0.6454833977491895
1.5482354535823224
0.08225773250918156
0.9213392779700984
-0.876704195419031
3.254554006289894
-0.9849617571590574
-1.4202833584470247
0.14721176677975714
-1.0974609036299512
-1.618682131526301
-1.6494430540072662
0.3777564895772424
-3.0660124520609475
-1.0055449471267495
2.883982391359628
0.9852447789579651
0.652961555387867
-0.29653248409192556
0.8822214519979746
-3.7543112020056606
1.0835026375706733
-0.9756382203114846
0.736266539296848
1.4558264954529563
-1.2935890190903423
0.26380760725160857
3.5188582108522377
-1.9585373258465433
0.8604104529248356
-1.4082645089409662
0.3582589143279797
-0.5515665306759275
0.019324232615795776
-1.9331766095286325
-0.9236758315544017
-1.6052903341642797
-0.7030153830919607
0.9457171405232024
0.003984220378346681
-1.6764961415861743
0.568506304399935
0.8498373038274223
1.2115249314465055
-1.3334041533613523
0.12954882128731424
-1.2276997371451424
-2.3953341100730956
0.31805884122653133
0.25964711657970424
-0.2191635941446177
1.5967981156268778
-0.6713896229873967
-0.26922882955736044
1.2362251096993002
0.5740890939522869
-0.8312141865709972
-1.9297277525954186
-0.8928000200073191
1.387090444280592
-1.418836624617994
2.1260555104398575
-0.9569276241627783
0.23881930202093193
-1.7380918755201937
1.8179972659678065
3.4923012169975185
0.39746635812508024
2.51054468380624
0.4974296108565668
-0.5101195470505392
-1.221565505304372
-0.8580745861895261
0.5939236762951877
-2.2314211124798224
0.03889884864993091
-1.525199720881984
-2.0734267558730877
1.366417932574592
-0.617011860344032
-1.0788204424541896
-2.801368395580034
-0.657285089829328
-3.0031945438560816
2.4573477874160226
-0.0700603078001398
0.23313794110796426
0.17726674976829657
-3.577999986916022
-3.4644783803386665
-0.8395028670257748
-1.554427150027491
-0.41851674654257737
-1.8135616885605073
-0.2753483768106329
2.0614533247566524
1.0369485816743806
-0.6507899938739051
-4.492808073190991
0.5202331250356776
0.5105389279494817
0.18263436543020786
1.200452859788905
-1.8760143743286362
0.6779780513326233
0.15094136151852178
0.5821999180028428
-0.0586980436986475
-1.4462242150348537
1.9821382488892965
-2.348750647756534
-0.4838845165471335
-1.8242406789447436
-1.2297147641876967
1.0821396519120174
0.5826015058656514
1.664536290042541
0.6212750041235717
-1.5538032276348286
-0.8200404303116585
1.6894672225311342
-2.7955839117495036
1.0201318542898712
-2.0699259932593397
-1.1380849492253857
-1.403004508076763
-0.3223584916008831
3.208596693893635
1.0027903970399856
-2.4659830220923054
-0.004651633414715743
0.2826510437307798
-1.0050436064364718
-1.8127923125686742
0.193916012123429
-0.24889917521674995
-0.09074287691794305
2.09523914482949
-0.88295251613011
1.1261146579969061
0.13643026822624796
-2.3287167317886897
-0.9302307482826295
0.15666735855616779
0.7076800303283592
0.12341158234015454
0.8394420312270006
0.3196478378343056
-1.0456307543874646
0.5074195053192403
-0.013508985743996098
3.042407305389663
0.3190827941432387
0.16199021448375328
-0.8926724908662065
0.28412370043610274
-2.22793025774562
1.583351886301384
0.301761209103398
0.6246953089119497
-0.6938143134543002
1.5851529945341163
-0.9603858366829865
0.6022095511723345
-0.5635472310586539
-0.27764405182331703
1.0401300707248902
-5.8018940756728465
0.60511216469737
2.93447166879972
-0.19434038151945712
-3.4669011898701947
1.2023364631578852
-0.7847456031824936
-0.40089351554728636
2.2796475361730373
1.6050264196193105
0.3722968417722418
-0.621439002652826
3.926876684051067
0.1997978915914456
-0.38473071530073544
0.12383301314888517
-0.11265836642318815
-1.368816606783194
0.5649724948070114
2.4854125917693315
-0.16473096596608303
0.8030006334176891
-0.872077754335609
0.22153670406629325
2.388804843059732
1.351686404116301
-0.09531314244962732
-2.074117271484322
0.9056893528026618
-1.6943930969562406
-4.768084558803719
2.245304770139478
-1.0876555033927169
-1.4011376603981809
0.8484968325584568
2.3485347286133633
-0.6858451657177683
-2.042281288416012
2.6968375681823225
0.986077782392267
0.2447550216638699
-2.9617836109108304
-0.833732766038763
1.149018592701615
0.03132496373015399
-0.6223809796266705
-0.14206754226898816
1.5226525227163128
-4.923418484474289
0.31206906146466945
-1.3160508066008105
-0.5650641394715453
-0.7926378539440025
-2.328042869066806
-1.4369327363749225
-3.594578511550064
-1.5447796283402782
1.1612980822992354
-0.4650248230037639
4.061782069720564
-0.935531876661229
2.9542663496320816
-3.2817730090995085
1.6083814655417177
-0.2597614506359901
0.737176478835966
-0.8811440862506631
-1.8349747930692715
-3.6189893099296184
-5.982563041519201
0.45430509639775446
0.028260428851606362
1.0439157403813584
2.446624160674513
0.1702960969424565
-0.6712511591307905
3.0458211245020808
-0.45121017088652415
-0.5992464869139053
-1.6989552264782757
-0.49585766542299164
-2.4172520201950327
0.9846048447577301
-0.7183471785397704
-0.8687395439116413
1.8374662379247768
4.418744435413226
1.5717962683970224
1.1921538652688464
0.45492159275225535
0.3574148379038734
0.6689146470922589
1.4727896760964834
0.8221749300760549
1.5559377127970782
0.8079810614304768
-0.9874409544518015
5.016843893673929
2.8728457933850042
-0.42145466018831196
-1.027420823965651
1.2916267216096118
0.2247762194661595
0.3404948852119367
-0.2937187009753837
-0.8338206623081273
4.469807599527698
0.39574067998862017
-3.380142055215564
1.0635666207851229
-0.5348423272789032
1.3849307352513007
0.5300278515361839
2.5694251756002733
-0.09402493934588435
-1.4413052813057983
-0.14273888336830984
0.3755157039962441
-2.4890523435268697
-0.31793614259973146
-0.6233852577889182
0.09230277944184734
0.394076276432526
-2.941033846547778
-2.0576604572606154
-1.8517681926314231
1.829893448745496
0.5077431832001872
-2.595577537920251
-2.0185461145890273
-0.3467206075251832
0.027726350038961258
-1.4104594936218269
1.716488666093597
0.6141581306261151
-0.9539883020086125
1.022885222961933
-0.5193035863286581
0.9614350502350757
3.152956774543087
-1.1462398598507275
1.767456785514036
0.41965890775066367
-1.2219930454679053
1.0678937683326166
1.952280597639626
0.28347778037886756
0.9947576679987008
-2.7359468753881337
2.7467865869564108
-3.6203298066205387
2.1089968068882894
2.6485881421077333
-0.3116297159701467
4.802776171854791
1.8014725203246855
-0.5106323088958932
0.5166419774764133
-0.27453851253695016
-0.24733508293420928
1.454620299365325
0.1302892885408046
0.08861419518238389
1.4121114112937676
-0.11725888116599129
-2.167597272092278
-0.22774605232789982
-3.437339942221255
-1.8012348335953416
-1.0424771385428548
-0.527674410290683
-0.7135336021442882
3.739616812573372
-2.3631160591812583
-1.4064950531954978
2.1466320793729574
0.35523569272810424
-2.849146781980476
0.3250081835573019
-1.07602497093964
-3.0122687501603624
0.7125952184257222
-3.0004700510529876
2.1823020614234387
0.3799959475119071
-0.23534733350521073
2.5982265474672928
0.8468522934283401
4.056224936287117
-0.6498370400232495
-0.5742453734560877
-2.1293194154493067
0.5787492445696968
0.5586643502781524
-1.036568054491497
1.0023500950210236
1.5893272468993493
0.32600016088709843
-0.07830792217145771
0.06249169857880426
-1.9850698838432765
0.7612376183784909
-0.4963321677423066
-0.3997953758073173
0.8695644188946744
-1.2804552108868088
0.4608832452234043
-1.0760752044849795
2.5532517333172864
1.0390265878488512
-0.7830708173810365
-1.969968188834617
0.2028462210354594
1.9590098904969475
2.081295925784395
-0.3268423669479524
2.8405451724218738
-2.0925604843008783
-1.1636132177915997
0.5309566452108626
0.4733512825392457
-0.4196799552178262
-0.5901619308294996
0.8656605289509494
3.867201719771349
1.0015565450824424
2.079420330596271
0.7167635833332451
0.4938643738744013
-1.5070493475637152
-0.7856190181816854
0.7924811428325494
2.0235153114154425
-5.628716126713249
1.0459238726187605
-0.8273961472400685
4.068079965591143
-2.586714788729883
1.9272469950458144
-0.8264659159966029
0.08457145122358423
2.734705422027346
-1.6722998703285554
0.8660318356590243
-2.394638801689929
1.3595210657075805
-3.319179884472349
-0.9732504519406079
0.5781423266765837
-0.2387139605093919
2.760614753095588
0.6135660021392249
-1.4604250037910491
0.6284275199572736
-1.1102797863093519
1.1584143834948908
-0.716045639974556
0.33772836813739165
-1.446912609271395
1.7889408527555197
1.441814810810468
1.4982462836997528
0.9951397410107392
1.0308089260096172
-0.12264279931530365
-1.739407714576252
0.5386534869126397
1.456512680490621
-0.8225734778115718
-7.531924843032536
-0.09920111981484378
3.5041344108209893
1.7681486335329673
-2.5216009699693003
0.8672100646051619
2.701221059676082
0.41150077703919585
0.08629742764245465
-1.545385754087878
-0.7719224505828602
-0.25535489460461275
0.6423019487736057
-5.07958410372186
0.46331025493382944
0.7149004174821008
-3.057503620606506
4.698782756697187
0.05147486526089981
0.10086446004657633
0.47831205452613307
-0.34737211409219665
0.9212031933862185
-0.869872164807469
-0.5316625214601565
2.3036891182443133
-0.5782387285143633
-0.3469336114144659
-1.0098162365245065
-0.8803190003682776
-0.4454494562128191
-5.618035539461102
-1.305783700086622
2.8426772934846456
-5.143817275657693
-0.8254803035077206
-0.46786089685901244
0.1250688803913072
-1.127064960291272
0.8127240810600403
5.693524019444218
-1.575435099970878
0.7285670340053629
-1.1856038509648332
-0.01744639440785978
0.1443517118961519
-0.043145565412171336
-2.0087324872720216
-0.9046853337782069
1.096792429361282
-0.06970664930150594
-0.24522177188282768
0.026039654118232072
0.150987172112124
1.5244970944235994
0.923384592364294
2.499026825049883
-1.123812497822095
-0.9628151978149662
0.10978960482222065
-1.5599959085198951
-0.020351095561406695
1.2236737996488198
-1.4371654074359883
0.462108335286697
0.7585349340441672
0.7013771123434025
3.3221947751224277
-0.6075001713429489
0.996153783404586
-1.0331907480413227
-0.5214907772783793
-0.1550371290511927
-0.17012090427421686
-0.5622650158856883
-0.5313839924778314
-2.2633804489428853
-0.23561699067151776
-0.17210999652897804
-0.8189606206373751
0.3816842676446375
0.7223914290870797
0.9895366048932902
-0.6121819045596034
0.10264080005652793
0.37946500107547093
-1.3235241020586277
-0.5967010161261365
-1.9335358137837773
0.920985000238148
1.4818841796188846
-2.666760662049367
-3.113945703081886
-3.0118498631366895
-5.576029153979121
0.059888104216686756
-0.18294243329842377
0.7758517964052505
-0.5908393747269067
-1.6228327660660093
-0.38895753008967815
-2.2018220903217047
-1.3376892264880222
-0.38595737959216925
1.662199955168931
0.6093896733054988
0.22241699710370452
1.6104365388924249
-0.15601486485739968
0.1633922261982398
0.3024411474505591
0.5475354383045306
0.8413612602624867
0.1714254507004858
-3.1635547181645567
-0.9487009994324878
-2.055742564520396
2.1861827929662843
-0.05714444746688919
0.40596792026811296
-0.4082578736708299
-0.8662942971482287
-3.0742606051759798
-0.4287582273332399
-0.40245489398598444
1.277689720174056
-0.7445211644672779
1.2890119295452853
1.1895306189312234
0.4864266684300416
0.5776542457221299
-1.946352673177459
-0.1159302629103323
0.32072410309437777
0.658503086398636
0.7329073588948534
-1.609389728074166
2.5433710446079236
0.9654780570557018
1.6991987020401815
-3.8895666248405405
-0.4486130230499578
-0.7924550965739474
1.0723852058507475
1.6756989869252155
-1.1128817945761194
-1.1156731913325288
5.241983470770381
-0.39118373708737914
-0.8625414023579725
1.7272520625661818
-0.9617681219938272
-1.2169234600571484
-2.2426908664669973
-2.111745021714135
-1.013488802393422
1.2597810788390154
0.8607710489195384
3.7271057079366603
-1.3917173099023306
0.12481284357388192
2.271654312394395
1.098167502064222
0.8532463613293237
-0.36860209490858387
1.0080167832959306
-1.261064465351792
-2.617078829859584
1.5273623289740972
-1.4779667058853014
1.6536897376075308
3.5628508558663894
-1.0090499026425908
-1.3320490011170336
-0.5583484845765371
0.5636606367493018
-0.6586741406695152
0.45980340299013317
-1.5073281843699184
4.035912888971662
2.7359611606331584
3.087785066122318
2.9700664217007673
2.4390030307062784
-1.2523719117500682
-0.6776078643815817
-1.0533627337111398
2.885149389697406
-1.8380060494451442
3.7558070507094024
-0.3517995308277525
-0.9050748652275722
-0.20187355281038552
1.304475850555087
-1.6534173906275917
-1.618378073692342
0.6359816247497864
3.0962165823735948
1.5952808064877202
1.6078420637019812
-2.123612814353683
-3.521262627540683
-1.952926399585618
-0.16278363655777844
1.2557610895612963
0.2598082025287808
-0.9178592215854314
0.6804583947128259
-0.6336654729632681
-0.5395378198083883
2.5939334739004773
1.4016531520315545
-0.2669231178259751
0.12803125623203077
-0.0077953702464478416
0.5513165504073224
-1.2940011526996094
1.6373772932744188
0.37312813159637154
-3.5740828918509266
0.39401439104130054
0.20818582367218086
0.09967595547365067
-0.14858692714611793
0.013996120711883404
0.7599075132485174
-1.3135428500132798
2.463255187918001
0.8002551958166491
2.4204292778473278
0.6844835462874849
-2.5752301421524124
-0.2326458210902569
2.044166053490616
-2.394058787082944
-0.5933857169667471
-1.8886033159163793
-1.790500550846231
-1.2594990000978263
-0.9367109273374054
3.60425815500683
0.4285845938780435
-1.3533788925606445
-0.08629303108365756
0.022685573240606587
-3.394274692247242
-0.7530509959453263
2.8166604741891907
7.0158252041739875
1.0250018659936726
1.1021088353160013
-1.1569362564478771
1.0321741061326257
0.3885351884266857
-1.5405362333180725
-1.9479622431312056
-0.35276796626515733
0.048937002230734945
1.6372548892177685
-3.712703041930478
-0.9513402504597186
-0.2024659821482492
-1.0649541801624365
-1.624787605790178
3.434015160024712
-0.8951373207219596
0.11872616479010052
0.5899119106462364
2.582591718466765
1.1797391991587192
-2.1585009652632086
1.9826870205771145
-1.8241753051131366
2.9303129142735154
0.845846598878399
-0.4449209962013705
1.3736679571704087
0.21464260664502308
-0.9232453216021207
-0.19847986932773312
-0.28011768637164436
1.8675449683584056
-1.0036195324018047
1.451228029118383
-1.0833224781592379
0.8733590238888488
0.39607321197010614
0.7830583190101933
0.7455514838794975
0.0839888619011324
1.1701107172187846
-0.1917393299605529
-0.8839433582364723
-1.508643860805379
-0.5135621026143536
-1.5421825768881814
-0.28260341213913515
-2.766427330941376
0.7060461158528765
-2.601909327290401
0.573759194741472
0.4521148368839487
-1.2924874658652898
1.1713384648599414
0.1596642930824517
-1.7144439423475022
0.7694340765737694
-2.2099163384466407
2.019960357405602
0.1246669973472135
4.274358984685841
-2.4270390256080185
-1.6728014748229179
-2.1974573812070335
0.08221369119891042
-1.1098797583516236
-0.7570385631568101
1.6696560787052763
-0.6830456823769653
2.801819516562047
1.2418515295768275
-1.2071469346717485
-1.5256593600354906
-1.825431602046797
-3.7673176490652773
0.13673863181485446
-0.2292871252630414
2.226262844622626
4.952116484059886
-1.0179786313123436
1.0581766490578899
1.207332853342149
1.269247122634448
-0.10414500241103337
2.070151113006922
-1.0800666439379882
-2.8399348274897926
11.754564260944212
4.8800796059730525
-0.6549921653925356
2.767951807607063
-0.34504867570804193
0.5795168688991167
-0.6925529861645544
-0.1458337086003791
2.5736628473267764
0.1818184659853805
0.5069517850294635
1.798350385680633
0.8365547015534289
-4.19939711610052
-1.822456111325685
0.4000476767228834
0.36929219587954576
-1.122385390773289
-1.9578861030387642
-1.3776411745790305
0.5827963131392887
0.4135909781091082
0.20947557886755286
0.4613940315033997
-0.11806575059762833
0.19787701582173658
-1.2297623354672955
2.133513705687983
1.799127882966043
0.802352408742136
0.7534644402416363
0.07535210349104259
1.1668930787837946
-1.8820014538759682
0.8499162241046891
-2.1845191616487747
-0.09465451109391088
2.0444261667743806
-2.1994763160746316
0.2841098443226606
0.6368132212666784
-0.8893474957745773
-0.7472196209458704
0.15889423545997144
-0.3902223064299896
0.3708425327355997
-0.728833039950985
-1.3776877345013911
-1.2131663557273933
0.6135541450475761
-1.6691736025456032
0.17077393767233306
-0.2186168719333999
-0.16368581765329843
2.1527786899105124
-1.7423265156696393
0.029493172880954505
0.1575757162260734
1.6274663242196892
1.9074898657569626
0.3534304446320299
-0.21509574569236806
2.0057573636832915
1.4278267127581015
1.3105102098554564
0.5979179694982353
-1.5194661281181359
-0.6830729135808584
-0.33454743609571297
-0.5643529016097041
-0.9244346044698225
0.3952270547421622
0.27338840466176473
2.4354021008639584
-2.584903911608479
1.6258933873579393
0.7716782560223769
-1.386449939088167
-3.4116836370406975
-3.147704469269778
-2.0691864705140675
0.05664048678929938
-0.7889442405863555
0.13875993832523034
-5.816942007787637
2.994211346786544
1.0039487075378257
-0.1460294449677545
-0.17895144584616313
-1.3519741190970027
1.0354543682684114
0.6473497787757063
-3.1136886524082854
-2.1090799966880107
0.7558057815347129
-1.6431834811165609
-1.5153386308926067
-1.4441224012204061
2.1831035364096403
2.779964194497088
0.9032018389308551
-1.1187033434024538
-1.3461069395558736
-0.35161268305545756
-0.11260479823179659
-0.8417069873986681
-2.669129379663519
2.715460377657707
0.08641148083156512
-2.2692602223469858
-0.3296074791129771
-1.6560792049177882
1.9366426995019808
-2.639341108609501
0.4847843473243333
-2.2719469659004106
-0.29709167288216065
0.9232110915364058
1.362855943173307
1.9560459134408366
0.4762278361909593
-0.4748898456217795
0.3989101715371327
-0.09124301897774102
1.2459682928361246
0.86564727354972
0.0992138739160443
-0.06944287615216113
-3.7487901863632707
-3.2019560145874504
-0.6909381252463931
1.8918100014571433
-0.8758438651696673
-0.5560407913582774
1.7785436804492014
2.88093506099226
1.888018472905768
0.9643585673951016
1.2411468807950403
-0.9459755253643801
2.124954582757128
-0.3280799130765439
1.9509936489075566
-0.6053721958879378
3.1972149996808947
-1.6580339665124975
-0.19829610397110634
-0.1110592255774292
-7.161385292219326
-0.5131947794656259
0.06783501342189037
-1.2368877890181889
0.2739747362602634
-4.001645410990492
1.220949572221366
1.1198171658741343
0.6215620684112835
2.9129309309969664
2.856493825947704
-2.027163836647777
0.2894006521381656
-0.3424967032631757
-2.2842047993944
-1.9706352781253353
3.3718049193708612
-2.193501997279571
-0.4771079435213638
0.8291814040478407
-0.9242391960261261
0.8412719481310998
-0.9588493120189322
-1.5881723255067932
-1.3479672286855555
0.9711923415840761
-1.163150495704624
-1.1573960998548243
-0.8146483899825936
0.7165395497796264
-3.811929583495634
2.5746083520302343
-0.5073516001416598
-2.8865165313586494
1.5391620071731347
0.9734910086737195
1.7773519920614094
0.5695167982221915
-0.6378840572573619
-1.0401664371574941
1.121121544468326
1.4749838561064383
-0.03617816923997661
-0.10551326417979155
-3.6775947690916255
-0.8888847882223565
2.6032073915933998
-0.5068890953967871
-0.6339977672989678
-0.2523413016898593
1.5926689139935635
2.245558279700895
0.39840912928954636
