0.19107486285434847
0.9200713044501391
0.07691611102302702
1.1372398738450251
0.12411055100730298
0.04417553728405325
0.42052816061456716
0.36139855787627095
0.01590911062799221
0.21520468991188382
0.373498889661813
0.15135169198796136
1.039809493205346
0.6717960228607607
0.7949053300786039
2.54804087228115
0.9025261444556926
0.33805562577603093
0.19187402094620692
0.01709033616640363
1.0619011971115955
0.8666597259528795
0.6981841788156913
0.7478627914023227
0.8316294565350466
0.18238549042284555
0.18418061499470162
0.5215518881330252
0.28849382357762837
1.5763938123128631
0.40634370119524543
0.14957908342917772
0.8698594092965317
0.1833913066791549
1.5321205769620547
0.10416848377467783
0.9514900595756819
0.7628788492509441
0.08905947402975757
0.9142517541173202
0.07637981723610081
0.08023526709099274
1.079123332079848
0.15016089801765223
0.3544752048931155
0.7392006842301803
0.9110869152723329
0.48701094445955817
0.46840881503432213
0.5323788661983991
0.18313101631503695
0.32668032570594585
1.524972210075067
0.505865539742137
0.21112340498767165
0.6559785850384959
0.3069517777369257
0.08614177829476442
0.3947094183612985
1.1702029361196558
1.2380273336968868
0.01350361879950045
0.15004122808298284
0.08762433182240335
0.30543485418115784
0.13521233518859455
0.23929838877313897
0.15668067634746863
0.03294317336435564
0.3412680775048938
0.8669716764294074
1.0404721469675193
0.8670075767684678
1.0221192379475093
0.03440998943979202
1.5615896693082205
0.967493823308984
0.023190374908917965
0.31508402046984096
0.16436402606163072
0.5147747429151744
0.051323478394418975
0.268886331327797
0.1502617302347532
0.17622059044678084
0.015500828258318767
0.43951426320714854
0.11887965875089791
0.08334891294163564
0.2800474795591133
0.35429211020138757
0.41052409203777
0.49524602980464677
0.07939036723126372
0.2527305832570841
0.3569430776835801
0.25748624451172913
0.39729198689655126
0.5371301600219255
1.8119098394316753
1.4388468710034266
0.04179267631773603
0.2642291206527084
0.3579434692246023
0.3590177026291866
0.8076268456693324
1.4190529072786082
0.6096818744755919
0.1317490727007572
0.9083505473707482
1.0267804786729853
0.18595287893922727
0.16702131765694753
0.17634524414757685
0.4859236112461155
0.21200711459634314
1.3114231256570403
0.6289239969242346
0.07866198701373384
0.10607805912008149
0.501235637536237
0.5386488960513014
0.06958203498940058
1.3916053962513903
0.7945088102491626
0.3352985147721253
0.4126579105693768
0.6129582967587877
0.10817822784103996
0.3008736584173196
1.2844893442565146
0.23957271471807548
0.2152028204391783
0.3249575562350412
0.056288430900772436
0.18091841934570788
0.08610237279308697
1.0879944065833838
0.23604597694842477
1.3110249811141255
0.9158305417757989
0.5450533908843227
0.13123781846043492
0.1439016797030916
0.026661839100695035
1.452014334470184
0.7505624235334786
0.09035318092704803
0.6172104624705853
0.7800315841950185
0.23427020308511065
0.05498167440708776
0.023944353932787037
0.4430435991018388
0.7821461042385224
0.06642271270934774
0.04604638354931806
0.2832355472084258
0.12114402565196025
0.11299318369182774
0.6469769105791716
0.3820206055035643
0.2504240445423613
1.3523353081537963
0.14586587328101172
0.6266513978168416
0.32968842052676617
0.4322980490254199
0.42404056357833453
0.11625341321164535
0.09889246525101934
0.6147964083967975
0.5642537552563937
0.07924771525109008
0.37799832995088783
0.4527922401084059
1.4031996497831387
2.2822762246513886
0.2464405648092919
3.038700297168619
0.2698984221859329
1.134888675008948
0.3843246382602832
0.0069001257068732145
0.28387674117726885
1.0877877244911855
1.084706009765519
0.867685552285564
0.43083829263060935
0.021814182677098268
0.7165761777369097
0.20961438027210175
0.1642151838252823
0.04330720629688153
0.6369320610485639
0.2469466644133926
0.3507346720467752
0.36712657858248593
0.34635161244675394
0.7469530024992007
1.1125214924942544
1.152589351552709
0.0426073287856146
1.3048611945245487
0.2951438126608561
0.14315404180659008
0.05149696518085276
0.015609952480616543
0.1165345448201734
1.255132449734515
0.8639612036964646
0.46867386805133393
0.08854418601522533
0.9903961209699682
0.7712367636414958
0.9126716759580423
0.16433696958519173
0.09774642937083881
2.3028211644784595
0.25053562520301625
0.01239540504181002
0.32252196291910945
0.6296748228994937
0.5905938938783658
0.07477489962342561
0.028015851307575113
0.6218578257555221
1.247785784824042
0.9461930470612652
0.011118299816115883
0.6608095950503348
0.35336640384220114
0.284916339921741
0.38938823439942744
0.17444782403975348
2.079503131472874
1.339432959765943
0.26366128646841686
0.5023500343802068
0.005342284553406217
0.3957690307968232
0.3041181832681474
0.17727789061161334
0.24746119171777148
0.7875376383196958
0.43572019161638453
0.8594923885410353
0.5556415789530746
0.29244537051758124
0.05705117718197233
0.9626969349086373
1.3931034480999875
0.13164212874365183
0.49430511130337174
0.48936554198538773
0.13279219786045815
1.3865862720659632
0.8940287799811703
0.11738437237697502
0.881533510116201
0.7747905737429424
0.05461321524311262
1.3569456222390786
1.4218357767759642
0.48253462678793946
0.32819106817817456
0.49595646020882583
2.4517457761859167
0.11753864036519415
0.019799158685253386
0.3886817554228994
0.27910636643822173
1.235538548433691
1.0946502290471787
0.5005356801225846
1.8105373193835297
0.4782585613072029
0.048858782025777585
0.8882403781519774
1.339356700946991
0.4967141604915573
0.6041116960908289
1.0137387217043357
0.0941952956762095
0.011369112162038718
0.7457582964415109
1.1184101361872414
0.16712592906091397
0.4232455436536668
0.04571146508051409
0.47079141372167166
0.28708019508785404
0.0008740438080676355
0.4182151315411431
0.17723871178498302
0.03930388191888309
0.17203994488026936
0.08898057015393561
0.7158743599759527
0.24323256255555764
0.684622170507218
0.08998172441576485
0.9540223397925036
0.7709603563983798
0.4899677982370574
0.4138995293296667
0.029153213361213935
0.258726405667798
0.960473800767017
0.7930753144946078
1.0885279229767884
0.03332705452182783
0.04691380396678557
0.24995908720888557
1.5051336561049058
0.06419027491873529
1.1171273149124692
0.3461715181726626
0.30846368063195206
0.5987329988838733
0.5058884727007815
0.9999856947456279
0.715046171753802
0.013852801335364665
0.13729549635407037
0.014371900276080955
0.14102451535002314
0.3604376314597194
0.20361595883204966
0.5544041080511519
0.16200051377530447
1.0728654359877443
0.036596544748564636
0.8172795414703005
0.3272614016432945
0.02185500198080307
1.5299245450426853
0.29014776245327173
0.3356853944613865
0.9473565209749445
0.3253617555212359
0.30622513767931037
0.7091799809617539
0.000185780045277049
0.4528989407745436
0.4245927584193336
0.25007623810322854
0.6204877420754502
0.8014467609796686
0.17965920334282962
0.35215018197822556
0.8087678568378699
0.00254148505948099
0.7153632831399209
1.3829162492940585
0.07205018152785779
0.1537065605829791
0.5202016482364397
0.24171815420019133
2.0495242977370416
0.252983805659931
0.4045337612824101
0.05008894285908102
0.24914908488790774
0.5777449768717164
0.4662987711913259
1.1889803720958436
0.053650373507775025
0.17355246546871347
0.20219774242967975
0.028361878932928106
0.3609582549440346
1.133350654578233
0.0842810906796533
0.7652650990267961
0.16302745205373192
2.0474063463203453
0.14431027849705685
0.1100873803304386
0.0014618052002374603
0.6875030308773094
0.6512805156288292
0.4899870093168567
1.5564856913746024
0.208583145858778
1.7329795746983623
0.024188723899292653
1.0519735867546094
0.05475992592939393
0.9411507328123053
0.32826686215324585
0.30389806406730924
0.03675472183990595
0.20966116082694505
0.23885118602005082
1.2559514317717326
0.6964332570116938
0.4563312545181636
0.28073792463846226
0.2697236376134277
0.19278514465690005
0.3417598416698307
1.1080161383065958
0.1554170977003684
1.1084774507689406
0.45023648066612754
0.0671955965304037
0.7449149047890827
0.08189608357165028
0.105233870237679
0.8997511150367185
0.2724939690897308
1.034352270168447
0.3081232323084462
0.30514771533336077
0.008976653042688744
0.2810970722131944
0.3383287874603447
0.7634179316350963
0.5972776733187593
0.9001863693509541
0.6803466427388997
0.1987159485663481
0.9280856795977237
1.064423468331943
0.18784475444486978
0.4957576929714601
0.44597048941545964
0.05393834312044985
0.14295728522772239
0.06956614207436194
0.06317112571832724
0.4231466340688449
1.1385911553598922
3.8661887490682494
0.5407082763355407
0.1858724974122685
0.5677215480607912
0.8922449718412746
0.05151676531996464
0.1969482026785379
0.21629922451325898
0.6999271931069678
0.49907114001571506
0.07631004504108616
0.3575588061624437
0.3400619206123915
0.16964994122985894
0.394418897926908
1.3079417590253615
0.058516838021395484
0.2569689323813226
0.6771550365086185
1.944705420114775
0.996179644573174
0.9026971644028597
0.3888064391584198
0.8456591757096191
0.9800675849197918
0.007230362299407189
0.01493391388795429
1.7002290995460578
0.8071632041965227
0.011168717311630726
0.19196698602302548
0.1823321049561591
0.5423929662453043
0.362181292749209
0.41958582408859174
0.3506291866737293
0.18982898515388855
0.08390091073677806
0.6039932574778566
0.05605003377345422
0.35324242782444826
1.7367559197070244
1.1074014514871622
0.048575946608350073
0.6972890826884389
0.23317387794306724
0.19059180482553756
1.2779536312607542
0.4342889275091298
0.22804649679947128
1.404457495186842
0.4621557228353884
0.4464964887987912
0.5640379310367719
0.29658242953859787
0.2652618073980833
0.2920240400159855
0.8508867722295848
0.623960381666908
0.025880801474899632
1.0213420646866724
0.000561580469180148
0.13250250383502557
0.2442080788076952
0.7001904471384705
0.6062794862736821
0.4182840767001901
0.20756187383454264
0.187326862462717
2.0241308568813645
0.2215742747889014
0.6734461891970721
1.324236000856318
0.7186829282112834
0.25194800877779444
0.25482040481477175
0.17329987686174833
0.439214435253968
0.009497838457595489
0.42886791798702717
0.3534057341807308
0.2880231602095778
0.1927901034549682
0.2958972466159842
0.05256889712078671
0.13085595431017397
0.026598375504181124
0.6014844084374786
0.5162199205302868
0.21876349619337238
0.29466479035752746
0.7886839257655106
1.454122747380415
0.016084819529912916
0.19408952500157964
0.2569301000670972
0.2882381070886765
0.3398932887182118
0.09241570889041231
0.39640803773179134
0.2266560417159194
0.16227973450574887
0.3068963592246289
0.040900203428886686
0.34052971825100536
1.1586844011704451
1.7701780789453319
0.38364008166067826
0.24849249018763223
0.2606646427766763
0.7641604467594921
0.2533722738510548
0.1648185801619936
0.40491927617900564
0.3860527132896675
0.556891030029792
3.3341477760751626
0.3826984133646464
0.8849820124453276
1.875069566157253
1.4870064139413028
1.9046628214444712
0.2972771676450032
0.2123050028074748
0.3095111934601518
0.44237499295567423
0.4198404935239317
0.035844386045485656
0.754349933685035
0.28500370432999383
1.1370648403434174
0.07742195032871507
0.9894672658101948
0.4627316784863897
0.21364224817267585
0.7070096387879021
0.15710121825436288
0.04403082847350486
0.2195712048625014
0.9918171055818787
0.6441938033761165
0.36724966368786116
0.279612799283067
1.1694517529110762
0.7701586731328262
0.07315672011572961
0.5736741501518248
0.18490465732240316
0.6709900978059012
0.3933101449755031
0.0786172166805321
0.7284889062957527
0.04822572646370464
0.8559147039229272
0.3241718626752998
0.3261244168592872
0.3949076642981567
1.3392418183039507
0.9493695211431069
0.23982948389350597
0.2127677323200731
0.015213679220313301
0.1724940967148934
0.5241051898917508
0.3272466241913593
0.23522419407516135
0.014527564859693861
0.9435141339109341
0.12469171298706296
0.4093589489599483
0.06960817305198533
0.588154746631919
0.11330488028700293
1.0286762207043036
0.33957333580936
0.03869786033402224
0.6541375671179397
0.9271019955858928
0.6861402916571293
0.40028101067589483
0.13123280494235204
0.3418202738314913
0.7728029570530209
1.570154448996019
0.7713710489581534
0.4886696053263901
0.5765634673581137
0.5499945651078944
0.2782639583756132
0.2566971385651071
0.01569668042779567
0.046750901456284646
0.02838068088628755
0.7670673038251613
2.276370697335283
1.186392832023364
0.3103960825695181
3.023090312009091
0.029220463065437872
0.005139280585224293
0.23861219311701748
0.6574639334104804
0.03682602348532717
0.8040227875396325
0.0265102396823281
0.22158789266931375
0.1776651742031466
0.1650965449378064
1.7650456298382122
0.06603186727126119
0.4356129970547086
0.4720036478421096
0.1703148150303913
0.514087567609796
0.024222305106118752
0.3038408445178922
0.8015271219349146
0.1503656742375156
0.14159412215572945
0.15636922033004377
0.7748642134846063
0.1655343503200999
0.24114405288928567
0.9188323599448364
0.54022875274924
1.1787606230460428
0.11742632070182998
2.2226116402660767
0.5203027948917364
0.3883210009861181
0.05734851665732203
0.04983632101303345
1.5577834192898081
2.5494303027746086
0.018719078401296853
0.03668458797136344
0.7778992312129175
0.27279176295748514
0.12178709021297533
0.5560873120164096
0.025483584193656206
0.19208893243566943
0.4957313381441339
0.0665654374545586
1.4567514664865422
0.10684747666474889
1.8553528345479018
0.4844352350556338
0.7898431087443322
0.5456367429399424
0.08739209128439449
0.1770649761304687
0.8976341754710927
0.1263890821498874
0.42654465793065216
0.07137362914396506
0.3828891245312489
0.05600973844137804
0.45065489829818506
0.6572321161840219
1.376210807339934
1.4596213541273735
0.47376250139474163
0.019761544875592885
1.3110041822734657
1.3742054377258408
0.08138936217886135
0.4575309156550567
1.6149876589895338
0.1322904314310165
0.47969309062940446
0.41550337511342095
0.3176560700874949
0.41335306045251324
0.24524251609493125
0.7866625134406877
0.25541763772530446
0.3516372683428687
0.47928670996536826
1.3959731566186875
0.9283063108379231
0.981473591606477
0.02365709121864433
0.18013148184978092
1.1430073328777715
0.30255882456708927
0.036146366219902026
0.6073330321592755
0.23994658111528977
0.06807628330511825
0.34904225081620954
0.918754934001946
0.927817864905161
0.8294723645105525
0.09410167563595342
1.0346913748618285
0.149838591518244
1.0584872545601898
1.3529181840227928
0.3709300329712157
0.8197603176226246
0.7387927721961531
0.38887566437904436
0.3245842954925607
0.37647347184767416
0.755644498132633
1.1950678857237496
0.11357698949680192
0.13061038773281866
2.6162075282379735
0.36301167719249083
0.46918131683927816
0.31611077967140977
0.4090299944648871
1.075029496943355
0.47256944910025445
0.69997612856179
0.19631213842291423
0.12224951873426244
1.757656425407197
0.20525596528424347
0.01714136152318142
2.094161374584816
0.10248431867157791
0.7337238442440855
1.1363418931480018
0.5229288992564672
0.35513784762037437
0.3808820628247816
0.27398218605740426
0.35764769127249746
1.8783205180835292
0.9979764173074149
0.27214478976662315
0.49060286613979626
0.09037844673497054
0.0030150582195809035
0.6111241835529352
0.5024437326627276
0.09457990794498976
0.2931016727445527
0.3903988259416374
0.1259317411456866
1.205482893653973
0.4165729310170377
0.017303794558447314
0.7598093074678433
0.0635211728946853
0.570852176804709
0.0010626505184443342
0.35861243395048203
0.0853622092443555
0.9583964567429998
0.2861446829171454
0.15743771372958765
0.31039794421751604
0.22907807068223968
0.5318208836883153
0.6075156051552628
1.0029680590617487
0.454547518421187
1.5630386528559836
0.11347145951385837
0.0832254048866281
0.038753498619022254
0.39802233765704803
0.10925977530599415
0.775623349372396
0.017488851212165077
0.24412906047053287
3.7909745788967837
0.31166349703170193
0.5059946441076227
0.25850587427485366
1.2557004984153475
0.7624432452141763
1.018998875240065
1.794308812567134
0.1695895633224497
0.22590594929784422
1.330182990592661
0.3115104511672371
0.9508345900393967
0.028027046861827474
0.24146223089554222
0.41174927364529024
0.9099678349967815
0.580150826587542
0.15019751074674298
0.6937452320080316
0.29775985273248823
0.9750669812989432
0.0380667416802694
0.7803973859762181
0.605187170938056
0.33889562751074137
0.08042783142640274
0.12120928532014978
0.15935625711605425
0.9011753539248369
0.3548272415050517
0.6630626466022614
0.7016625399146649
0.37503449162439434
0.05920419562821268
0.48715646782251126
0.027000400096248704
0.35125888212011985
0.11579090417264679
0.20134376298681714
1.0635885879829647
0.32076884458147614
0.21499609930407193
0.5296159934807486
1.3972349055940922
0.26304570388766607
0.5336881113006081
0.17043032279345183
0.6877524153287146
0.15744546660721104
0.014096459178333258
0.029884786469866483
0.10324769466052625
0.5817340614315911
0.8412366691763707
0.7640332868788312
0.19389260517154386
0.3669844109277017
0.2910405951354911
0.2992360365811004
0.4418848116248332
0.2717395087608518
1.0601801141521683
0.16861424566349595
0.10850998442941749
0.1251703615527456
0.3429913215900657
2.0986390655063474
1.216528944400878
0.008050505432277184
0.205472752144387
0.4147496028546561
0.3814487461673868
0.03918933721629893
3.2013202046346194
0.22789939788568175
0.08122175587903767
0.530670900635967
0.07774000829848993
0.22613943897078678
0.01616272945060556
0.47273358105417784
0.6694887849483189
0.010303183846609106
0.40299701082668676
1.4625917344189594
0.7991455435427636
0.7187319001308122
0.4783202476260028
0.2112158934318689
1.6823999193560775
0.2849001813010853
0.05708894284860481
0.004882805299951828
0.05954000227050556
0.13711910384602405
0.4979419259716223
1.4271697820381806
0.2887977672696898
0.43662731007461864
0.25509849913845545
0.18940543076076097
0.6484397973882238
0.1114153529290059
0.70133426973984
0.3784488193050909
2.007038459164651
0.7736534104639758
0.9180679325776192
1.1131079545292863
0.003507765123771085
0.7234610797528894
0.7246892951595554
1.9512103845211735
0.030788843223122524
0.11291452365801274
0.43882427262107565
0.061258477581921426
0.23758666342137053
0.18932724106188203
0.5742251706589471
3.153904469799401
0.3180193855400168
0.4067633029524096
0.2490205444919892
0.7760418452722458
0.12781751862920232
1.0475687310284536
0.656625826660579
0.235561334905188
0.11390996082142057
0.5114094933965933
0.48587496927703827
0.45950235212560797
0.20371303384373438
0.4720788581934173
0.25734861001975945
1.12076734861552
0.2992116088455603
0.3603968275209895
0.7456859708073256
0.24792075884328924
1.540231593736728
0.30810099893015014
0.10278808206580192
0.4469662647761875
0.18463834954657282
0.06968708885402874
1.4676523514714919
0.30036104099671085
0.8425068513946633
0.26736141613117426
0.3433366110681363
0.43089224774907936
0.7309049636238448
0.7941446017278886
0.1928378569039662
0.47510943016252133
0.6685217227983982
0.13916904912679706
1.393607347028704
0.1840003255749635
0.38606097218683527
0.2623538223192613
0.8708291266077725
0.08648262826952928
0.2243765961633294
0.20842150983470875
0.048270401264492696
0.5337902021207308
0.09677865603217788
0.6266863944075534
0.17142574745915304
1.0086151296032027
0.16762215542489856
0.15716734441247165
0.087791394104585
0.2995635025731696
0.2917213874188498
1.126724676794957
0.2871285812248171
1.0554541983792467
0.17527684941992844
0.4973643063393219
0.34265182465574534
0.20465152564202185
0.5628317743367612
0.7214489923016778
0.1413562873696562
0.33632613665707173
0.315015573824344
0.16558146078660205
0.33508577278091434
0.09865317607267077
0.39158339637406575
0.18672091237538346
