0.1999063166036787
3.326425865491486
1.0005706300388444
0.8185027600884445
0.973544884183689
3.0220733113703884
4.806861368765759
4.08170736702039
0.819505137304051
0.521506301868041
6.434061229833553
0.27133549837195925
0.8319954016000579
0.49391720165181646
2.2655381549126536
11.416098366676117
0.4871124377974639
0.6201467076314453
0.7185447610465932
0.9071308511209601
11.589730687288682
1.4524853323397662
0.36919899583270804
0.5572363882093492
0.6006699345300501
1.1652404051167033
1.0219588013350658
0.7058336221623656
5.150803614372123
0.1990681985806026
0.3040731808455458
0.2027229866015993
0.7279578705005494
0.4690967293964418
0.7064330080463826
1.9641516955984513
2.401150246412162
0.39429422988478047
1.5343360701409634
0.17701818978554137
0.4067854725818607
1.57959499326413
0.48716535226905616
4.367167451645599
0.4170950435038355
3.067803082016361
1.0946998975441038
2.007188164346284
0.6983153465949993
1.2843333085271256
0.9851333281872479
0.9048904699004341
0.597958562705722
4.029492331673595
0.23756702894747114
2.045992932613408
2.0812973237646304
0.35209197703405876
0.7942105662224306
2.250982611761339
1.907801777458646
3.9941174968462887
6.73303676243455
0.2923562490659565
1.7518425764836028
1.202397230769821
3.6264849511251094
8.960978361151167
0.6419494471834958
1.3078417087468548
0.26299871702742705
2.9842963716263435
0.3288085105756436
1.8152499796141002
0.7840348861288515
1.1197176695457358
2.907247507420699
0.17236218921020008
0.5866316874753138
2.148910775281721
0.538552831576874
1.8160997169746105
0.8366412702305704
0.24151010462795494
1.3784750230118072
0.9572965951261082
7.804955656095196
3.3408912047779817
1.2607089340775661
5.830153612330131
0.4862758650743915
2.193321184099138
0.6437517229004639
2.3842765152362837
5.408544453071347
2.201624029392054
0.20355191802821265
1.8909874181845572
0.18960654271180477
2.1060815938341806
4.74056615140524
1.9331831229987964
1.1792240524012672
1.2735750444470422
0.16348743001423624
0.4409297624866403
1.3128074713293023
0.6356998128217984
0.3472839131952104
5.04068013011436
2.6981054065127004
4.969929534727919
1.5420901665009972
0.10325112451516957
1.4495025439745024
0.6779193539870619
1.585113234198689
1.3651099427251416
1.5661273843451642
0.6273933873837354
0.13142253742667465
1.5269915124925673
0.46641646822846927
0.34028971461190183
0.5423565474729622
0.22985986394019867
2.1480663227009176
0.1835226189130885
1.9484598384750194
1.1506590399573522
0.6198268507156423
0.6318815056526448
0.2761787659409859
0.451324378077732
0.6302544311750203
2.9379952779121954
0.23516936901936908
1.7906981542805047
3.9853056610275845
0.3972939210198679
0.7349766337831971
0.33435945576459924
3.1629270546752313
1.3486098577897396
0.4779037976989923
0.8820576834527901
1.5606054212360088
0.7675853913737735
1.7857496117706735
0.3082184536837521
0.4164078177734747
2.9184374643710753
0.8655111138823158
0.6494966726276017
2.9201143922702326
1.4926625494778658
1.3235761320635424
0.06015555508558299
0.0845559835100077
0.3744074128853735
1.8273413234491722
2.153491921366916
0.6074444546864155
0.8307840464075074
0.7116673236091394
0.7759029544740553
8.472143525314127
5.242117088282414
0.25124948785580997
0.47460705895242244
0.5606783160175359
1.7896994292867605
0.4812013385368246
1.1259813038743693
0.2895299504336757
0.24828157726321856
1.8216649488013223
0.5152051258101993
3.6853112925026372
0.8286124106936651
1.864043049697245
1.3012220775541314
0.7295853222398461
0.9505682207047998
0.6271971139343357
0.23535158452267713
0.27205475460257095
3.4881736173505176
25.12709389638961
0.4031950497006991
1.1434077612116167
9.822514157543402
0.1519637811214498
2.433581059442692
1.566428379943599
1.5848750997986898
0.36013935383428164
0.9440642276816397
0.7627862068596145
1.2013192067679697
0.5767577541624097
0.4637329799307037
0.22286794049269057
1.3538597063053184
0.22154890083779982
1.1417143634346743
1.0004452351267097
2.7627583287577835
1.4296690131615541
0.9480186447376603
0.3322627089525651
3.779243089838713
5.0160565225031135
0.5167395851915371
0.9416277336315002
5.39980344492152
4.677681234659347
1.4072772989446352
0.6851285352025114
1.2082429766419809
0.41415658802298505
0.8763092295722716
1.2061705490285421
1.1300286118146905
1.7259443425771441
0.5545374030005804
0.2008780086697583
1.8229748644319541
1.175505643506661
2.509170430644347
0.445153007571619
17.288169194483412
0.2886295895815085
15.524959579852398
0.8169196365987872
1.8987911840967777
0.9736994837646791
0.18162534858694618
0.5885856515232843
0.3084798961698589
0.8535062095638233
3.3040750927738087
0.4974248873789656
2.1046027957519655
0.4793868582223492
2.077140554781994
0.7575906483619772
2.564420464219922
0.8824189508159356
1.0426508656883962
0.9564474468749139
2.208856676994509
2.9538963545676395
0.617698974678698
1.3365794366135444
3.410762759159095
0.08402835372283521
0.7294450659518266
0.369148081725584
1.7141172968264464
0.3433489206452802
3.5791006734735276
0.36603943293543584
0.17050864977046465
0.8617701256432013
0.5324240845829544
0.754812633440927
2.6405031364668736
0.6031902761446807
0.5004798889949215
0.7109869089484548
0.42361380400841137
6.464628291871399
0.2760360313352221
0.34816808939002836
2.629624302741215
0.5944310286625143
0.5844601164951843
0.6654373506649656
1.4818434375059428
0.8325567516451414
2.147507911521222
0.3427533628369204
2.324268154026151
1.0175091344250313
0.40150093145115995
0.7997427500653607
1.1711788895399515
1.253106064465292
0.4994855199112779
2.4673832472681956
0.27029127294236216
0.4066547690734972
4.1363428838984415
1.3839766185684181
1.3444019051442104
4.834986509751216
0.44703078008793945
0.31221298821515775
0.3148657551756293
0.9923009879980175
0.49643382973468686
0.34700573854126715
2.069260780926979
0.8183509773337461
1.4585781670848135
2.302722770372761
1.0204888006964485
2.55101137354274
0.41884272139044604
0.2967959092214071
0.6348764162322087
1.4146994850915393
2.5182125455600977
0.6326239439303869
2.4158460532036052
0.8545683916124664
1.0303137722240063
0.5027192078154612
0.4346905193813833
0.42605886875897553
2.508383806376938
0.5560070238918523
0.6298739414795506
0.7797282555018258
0.7653874927524108
2.7054756105208146
0.3667487847271669
2.3750196950624143
1.1906684374892553
0.29454115517872487
0.5112837368785611
1.2827424395194746
2.8643568779666615
1.1830465399619738
1.206895691455199
0.4369581225836186
2.190956218678756
0.4608003390740415
0.533396144251058
1.6374732575774154
0.2846965594511905
0.43056219514989197
0.7866077689892649
0.48161452190260073
0.5159884934611888
1.2483641173412745
1.9560189911287897
1.3154960319097873
0.2572087987619853
0.522404482911641
0.6923286451871007
2.1793738547689676
1.397707009609107
0.3942930725093985
0.5548210943990453
1.2124735584755706
3.7305393765955164
0.43161813286223183
0.26103107139073267
0.3530212425574996
1.4850275383324754
0.5374772282694057
0.25035832596771507
1.691945766102644
0.8623703550972022
1.8775874091246403
1.1095220711268106
0.9826030803735335
0.1040359450363854
0.30933759800104244
0.6591530871126583
1.0277607256509316
9.154150081780525
2.088215107804619
4.263126448773895
1.0622833487667211
1.5895385043526684
1.6302308130737226
2.3281024713679264
0.8541524492611242
0.0801219864829661
1.4645420700970224
0.40845100776352783
0.9805811110661304
0.2675621168999354
0.23451705678325221
8.179923995471666
3.2714775379577645
1.1844778989168931
2.6724195374263777
1.1966271808120565
2.8891207432192316
2.044111529465495
2.297952195688021
1.6937591372693939
0.7701049186026901
0.3034448169534528
0.566480877570007
5.828024278728602
0.5589872242962081
2.1194738072454817
0.7285909698444467
1.2633636334468803
0.4091072506378497
1.225103728788035
0.14888316797549137
0.6454051532212146
0.9764165833079252
1.7113679320193511
1.8353898926393777
1.3270491396042805
1.218893149157245
0.32352384143370033
1.3577939381443866
2.772783175170057
2.5944999520940915
0.352854024221162
0.14071985335820605
1.039312245942508
2.2804147908855383
0.6575614867812011
0.2684270957368369
0.5998817047829521
0.6939158177535025
8.428621203481887
0.7958930796002903
0.5476809516206251
0.5234113465025608
0.6089077756474481
1.6289737957930939
2.1761593965156916
0.5760734539614994
2.006062334792951
4.393075758022653
2.186768260801266
1.76071041930062
1.1432273384172316
0.5886523464992208
1.0786378045120821
0.19735131975939332
0.36378711908531614
0.4754721441567922
1.1635940388697485
1.6405761570143207
0.8035367474074373
0.9929471941630988
2.73429170660624
1.1652660320430486
2.4913626939293767
1.6300395876629201
2.8914078712967335
1.6675199428873635
0.6734706793123049
1.3983291332679764
1.1085228184682183
0.20297994130713065
0.2482628579441838
1.8453754824221464
0.8100675922311262
1.160107873850986
0.7670044288395109
0.7829059610725646
1.7233064812314902
2.669707807573411
0.4837830226836292
1.4588402091384904
1.8254104035804164
1.7961679853086934
2.529828250555889
0.3281202894311182
0.4531257314673841
1.1721107974131084
0.5959742603484833
0.6165576918213345
0.7799382932902419
0.1706827194492243
0.7809158170654806
0.9611723281771503
2.0321009785496673
0.500503560277404
5.053941637495449
1.8598135894620917
2.586506298596986
1.094733710495749
3.3948082971067866
2.7321413090831252
4.074288603076281
0.8822615279089635
1.2191640724155786
0.8133623758400622
3.874348750384679
0.20512965932730318
0.5377301902377193
3.656122214868212
0.6578606298201723
0.9317447822955813
1.4412583050768193
1.0170734671911412
5.207368906615267
3.469367181399865
1.0634684664636338
1.282399384909033
2.1218489534542537
2.0320238760936267
1.0764007948183603
0.6258438391959426
0.5660001489207022
1.5821342256398458
1.255926654280299
0.9933118549401634
0.17928885057071106
0.31909504533878397
0.2728489050984663
1.2142902486383689
0.5027423580797925
1.5006875076302304
0.7517442937617438
8.06896545169504
0.06347805208658497
0.06485318663924286
0.5332692542546097
0.3989026374646888
1.4411800399931511
1.490650113419975
0.10232791773919143
0.6867512901140818
0.565859055040849
3.7850345057267845
0.6193817551066996
0.11023904955967616
0.2646061960558359
0.642229976437696
0.3373545027719605
2.0754581409685864
0.24716481023737358
0.8506904392145473
0.9068895757805934
0.3210270531400019
0.7207266026232032
0.6704188982697755
2.116518541814216
1.6464993413090152
0.6412685601560294
0.2171458228463102
0.6411136785744749
0.11541000333004958
1.7447911996847882
0.25896377714149493
3.8807885130745228
0.3007724845462249
1.1688881609513357
0.9129177259535086
1.608631763465234
0.7693074470401685
2.43110103889791
1.3522120626758443
0.15670511454780006
0.6814856170504018
7.662292004963074
5.61508429197748
0.41183254959255955
6.550782043813139
1.5341511370601422
1.796881272594999
0.9024317126101432
0.9265437383245149
2.009383285541756
1.4062353617061016
1.8216540708821802
1.2303620987030777
6.258172389144006
1.638827405263315
3.03019440064036
3.4897110961937114
0.7947980163895074
1.7383617728043446
1.1938966450258428
0.9795409989489796
3.3101451873733976
1.7903690820691487
3.4420681549884864
0.344712614616592
2.109023414138565
0.9316732367168493
1.5091619357345047
1.128222899405498
1.177808896099639
3.5745635444472885
3.1899951697611137
0.5988802545572176
1.2809192026882044
0.7366794989227259
0.4029008548099326
1.7166499594174205
4.65344711134705
0.37663752610617596
1.1449551402300164
1.4199433998600728
1.020188494206884
0.14876686011260506
0.9686848152681984
0.6070815548635548
0.08099661899574617
1.762138767819341
3.484136063070983
3.066834386847315
0.7001865724015459
0.2585656385411897
1.2230332441512939
1.1380349284241824
2.185063531768545
4.225495306543746
2.147704320693159
0.4969146131147639
1.3222938833920368
1.6355482994143
2.418790202632562
0.1862225686392747
9.949479522627248
1.1368729085687195
0.6387081216284676
2.6117318194549073
0.31251413635216285
6.038398446103051
0.6431872109246713
0.879042296654506
0.6655491898407065
1.511313931942751
2.589921280860339
0.6255339128448719
0.19900269952545765
2.2758026737467154
1.6617473510411385
1.9281382624655203
2.5058235888092493
2.598840085718508
0.7990099251011262
0.2942533160898523
3.703058984209524
8.055062130818136
0.3508631231082421
1.734370181465733
2.5546430980881465
0.8441101236921241
0.5694451427167683
3.632473973914684
0.6746755972503037
2.052274462192531
2.2156082439917455
1.6056888288063795
3.3571324092852364
1.276699108795479
3.186028166942344
0.30629673316680617
3.854818267085701
0.45817389061453706
1.4228234976518002
0.8710534292794629
0.889344772032124
2.1744197771445983
1.3370457005085739
0.4488892988252199
1.7263945330363617
1.813182372259532
1.0101630887603341
0.8462027572679973
0.5440084557510884
2.8517758682232213
4.185137279104787
1.6991528278601242
0.3114694431113609
8.572342142591301
1.1473721585161778
1.1235329929847524
1.9421375088763322
0.4231069664140573
0.9803410916688294
3.144995142014029
1.2357173193155837
4.7020147374583345
11.984655154591763
1.217154814462474
1.5423246092433973
1.875293723275866
0.7739929346058798
0.5384999407679673
0.5519956526883497
0.4649513281246141
0.8100089795483526
1.1715479572546035
1.3548504741813672
3.0722917283998026
1.2311852744456748
1.194304281462771
0.9059616588377543
4.095293424008823
0.9976533823862025
0.8129765941665915
2.3570544581618167
0.14971958298858337
0.570641144605886
1.656081031933589
2.6764196826246747
0.7668988203660653
1.174312537909617
0.20614373137803785
4.536776442440363
0.8195700266977878
0.07946583842895577
0.5641732571223023
0.27538470444647345
0.23128979738046548
0.37868143262431664
0.3102634255139158
6.126153558760134
0.9600284530564509
1.2536688109084317
0.3127643165118458
1.444241127205542
0.759648471071156
0.806009309838441
0.28726078746855616
7.515960457671788
1.2252275601963436
1.4356911778197796
0.8359517716556755
1.0493557613204831
0.11277209659010531
0.5401212866990278
7.607053164069203
0.7600640065036808
0.01419926628483731
2.4779993915823484
0.6160691297047287
1.580954515703301
0.5952454177887253
0.271961314898259
0.37179735908106715
1.4553611236001873
1.1450068215386395
1.738149853465093
0.817588366574523
0.20266221510464877
1.7160930077107643
0.3458733442367982
0.4260279144708156
0.8055281400101921
1.7876732310583234
0.5503453683744598
4.669113205395248
1.6945538192099523
0.3820971532511791
2.1371888353300728
0.7489253252913873
0.9952888841963394
1.0290000635941035
29.36311133432938
29.067576205556303
0.4291627905665748
4.519583685687439
0.818142465359864
1.2367900151986295
0.6720264892355248
0.6383627617658892
1.4954770756701035
0.7010389860608647
0.07980345480909129
0.6123919979905805
1.4040358952786056
1.6646480259683705
3.460866578420597
2.8743079450477595
0.2295991491378729
0.3768010713274966
2.3087992502494847
5.935534270373489
0.9925233579846572
0.9293079292681635
0.4248133775163672
0.32869187335753913
0.20404098487018937
0.8069613235687066
5.833380641383337
2.0994295976870787
0.5157189204834455
0.21238213593563882
0.6705073022365208
1.279655325476365
0.16502517595858612
7.338894424466953
0.11476992432774251
3.7632553455852356
0.8346010259494504
2.4608542423012567
0.4752745241018281
1.3471861515895094
0.7882620239635894
0.49776033630368544
2.8743854016234
0.171027021376404
1.3344475329863466
0.834201064733699
0.14712421867765813
2.393681008004261
0.5970058766137939
0.31840690785001924
1.012232857203241
0.29665104959762134
8.493616336205326
0.3981088162615044
1.2163736154511469
0.7767117784668967
0.7589725966382992
2.5452265529644342
0.5385724549516926
0.596025395777445
1.2957997673172539
0.4006933669117494
0.2976819383440283
0.22603557790055817
2.0633296822861427
0.3480388012003465
0.23633955963485578
0.6007739433172271
1.3348561032693163
0.553519946603132
1.2814031555057273
1.0702926147730982
0.1472634240743572
0.6999574542883927
8.041262024972172
0.35853027812887966
0.818017807993462
0.965440550469048
3.456505981917569
0.27965592305895043
0.9054220131885191
0.6997884838278362
0.8563955095329834
1.6364773424638122
0.6228680204074782
0.4296372040088112
0.8756171288206293
0.47099286250574746
1.4024272129722473
0.8349156017828477
0.9438459521858761
2.123584723976401
1.46875838336978
5.065614564773034
0.5303196890507366
0.7740781200757123
0.7695406064559294
0.8916056511055702
1.109579244852585
0.38472887123397337
1.2341721125423963
0.6885407969994736
0.7903806996950172
0.16207433851119307
0.799259191743204
0.6822038004456268
0.8847693069286824
0.9687305859480426
1.4277382389216202
1.0451528733601738
1.161116117885401
0.4206501786763013
0.794594572215997
3.8250452762064855
0.8929151360836034
2.9704965907118637
0.44780668981363797
0.6302238484804725
3.160481550842954
0.7901498946924246
0.1884716325878067
0.6265246461018319
1.5977869945645653
2.09276743508571
1.2482804689632296
2.7180127897302
1.5132746732139637
1.422186034625033
0.47048843743738056
0.6739205733610658
0.2296771987944144
0.3691620232172534
0.3148927659616391
4.347202702363078
0.4950454380074736
1.0097631777937077
0.1546866130964402
1.5853507402255596
1.7768228580510672
2.045112114703449
1.1680560340309527
2.4760909840307597
0.6395153323168669
0.336931089274642
2.3927948544148663
0.5538365493311734
0.4908206723847517
0.5301121770263033
0.8795957791394787
1.1731432295899955
0.4446180234095375
0.4625340950116513
0.8403074540764827
0.6801444490728207
1.6655610930931155
2.3386713829338333
1.9803155206497018
0.19744914645762845
3.112001076498365
0.9625738457943787
0.13988740280172338
1.2023232948076938
1.2411568548185874
1.0222057007775724
1.4448250340007855
0.23856911274695258
1.4424335473529681
0.41522336824211636
1.3926518513330002
0.27455511286623663
0.4915117112994816
1.5412202488297706
3.203728779060363
0.6037909625300867
1.7080767554572078
1.8572814785505392
0.14905028455477648
0.7451334472863389
1.7848374006014245
0.7464628913740462
5.017017503216628
0.7579291725892374
2.8655449517456213
2.5728105758447533
3.4458746734146666
9.89595735009183
1.9145459341980988
1.1769968581911088
7.008481013244629
1.1067091033259957
1.8100515234772963
4.370248638637294
0.09402757277611773
0.8919169370405853
0.5759490680617291
0.5768342441326242
0.3047404428799122
1.346407372682865
1.4253958745854751
7.208049024708225
1.4236429270764188
0.3590008005111449
1.9744541706665002
0.5934534983684292
2.025740054910009
1.1422594868113212
3.9732535306990653
0.3266240574776711
0.49165531353132047
4.20616419553563
0.800301180892555
0.1888246327479178
4.5691827634785085
0.6893290795358427
0.17072333608044865
0.6800540010002109
3.4634298556039744
0.6879679608639614
0.26046724667048465
1.4116518224729016
1.1794532856076965
1.8462270548803952
0.22648492257342542
0.9932983026707208
0.28159956605995506
2.657073035617095
3.2253560978873748
0.8519068108740299
0.38089217648636914
0.5203690378097007
0.9536674775248704
3.6190497700628694
3.4377177428604844
0.7560546688396144
2.9931348428838445
0.8625489728453978
0.5013137714997357
1.3488493203813121
3.0899568622827864
1.3646963224844066
1.489442925251667
0.8707184816057687
2.3654258515253637
