29.26867015646653
26.907136156923727
28.83916989907922
38.50342277344734
41.396655696227484
13.304352255725227
7.5107133757797815
36.34801295374251
22.115363283718754
40.99310144721656
44.66142034534436
38.90800052421676
7.015421894365669
34.484080496421335
21.817995586383375
38.527134657759525
22.66222069461401
25.563467464721324
31.170639546156963
4.537979467853931
25.497361735575353
5.775858750843243
42.30581122791839
42.494436794565516
45.72070442441444
34.377395660118786
34.020026638909215
4.964376785505664
22.25852898419567
33.98753302493487
8.654816939022469
0.980600154951744
42.55172336240791
5.734338529766187
40.381742639382544
9.384800287701555
13.618191974924393
23.254283769882473
45.062678845747634
49.2379139926627
19.52718888697078
15.051573762282311
23.566760109829964
6.065079847869425
27.824601226494412
40.42588753329201
6.236668080627627
44.721966297500884
1.8750711638237272
47.60630465383048
41.59430827956754
39.76175946108614
30.310414209151364
29.597682709305044
18.281845338761265
28.65916003601131
9.643840073841032
25.206298213783978
36.843220462743034
11.445321903975724
23.239763867120317
3.9317428364426474
38.89901724041689
0.32139756202139713
4.141221818137192
20.175052103971513
40.23148576889382
5.5903964676369435
30.098037152885205
43.73695230251023
43.569133360214195
14.530740867765807
41.11835144752779
31.247032880080262
37.54942695280384
30.517611023367948
23.34785316140957
33.91629786867389
27.50575142846026
8.626059601856378
10.029079613438224
26.52360762468076
48.75271222161271
35.61560703742211
11.465460220608358
14.896500421755682
30.887652258539756
24.708984439469265
31.653452893957578
13.431663318842313
34.000228178428074
38.94416403513077
2.585310494494758
15.309277048678021
25.422899337777814
22.154981664470952
23.80290851680396
31.93023036467829
49.260807345349804
0.32705474893996445
41.139512077166884
15.303941645540542
3.5112553649119027
28.462137377164893
28.056828102118743
41.56335161010753
26.43797377232148
42.879533634472494
36.99519224997271
13.495394233191849
1.2457514550506754
25.084498179085518
45.30905771251504
11.277077553085107
30.825784997933503
46.26022828707398
1.011492910469286
38.465062150430875
27.332455122167183
26.84108344185216
7.525593978653289
29.023173512843808
45.27983467379641
36.32426826874312
14.625375390769385
11.454546698303613
12.379189211489544
28.836855725977394
2.6547478955729953
39.866932026668565
22.006536892821373
22.480788705946804
45.70781983947569
22.25426293810938
12.788758522516886
44.73389631541382
42.39711470794536
46.94669000743026
33.57285781799067
1.163459733624428
0.7392526783666808
25.561011406691968
10.567231102708469
21.521186656679397
35.088438831556736
40.33776116786615
11.192296636426446
40.739486551881576
15.056333789166255
25.551681590808894
0.6423807571236673
3.7972998561942086
25.390664573194627
14.331836832777489
20.124445480588232
44.582074755785165
25.512339262490553
7.108678288816423
37.67745935864962
9.48758493973556
25.75620292452527
27.130685881709933
18.903024609497393
26.032238827964466
28.382599111999745
31.263554235192476
28.433086017857985
15.366844859696505
4.967931047521828
14.378245666033168
44.77420926522452
5.748102127780818
32.247870907293645
40.27259882936959
29.913993870876737
20.33333347876522
33.614498143084646
2.2171601263553775
21.93851217196637
21.56849616728646
12.096394280491102
31.366077351387027
38.392478279944314
7.236071950546597
44.292461262810384
24.197276712669968
8.854603901338336
20.31443541689927
14.806735041805696
23.20205119927395
40.16612740774759
43.433792679985736
34.267391792653406
22.87493865479166
13.038448232756533
21.73619499631481
19.120586746971963
20.555017317299683
14.553649587143552
40.49592445993719
27.538464713202952
5.279011409658285
48.0921789949941
21.258443296395672
44.00223953333391
41.01888367262415
13.712158652255068
31.28238491576641
19.42962266056041
29.54258026127349
34.74616295001503
20.7902160051816
21.985142531370393
25.270707977341463
1.364109004297398
41.89758269881185
15.552981898779617
35.11591622292434
5.927318732206138
30.141324063688156
32.412337982405866
26.12285130395151
38.160408271778614
13.734358935072228
11.494498023940231
18.1704162963798
6.404492206757545
1.9054338209498645
19.350039403005358
3.8286011083329297
19.930179340716258
33.03127147208796
15.256200377684154
27.54093976329095
19.71289379428187
19.82941715046213
0.49508154082399947
21.077940214876296
19.61421528608775
9.299490335450677
27.34872970419293
13.781555613815588
16.54243136302457
11.207218190505518
41.35881416785755
9.53071136416379
21.849354059790727
11.021323146007166
35.87388805519856
39.47851603168712
25.094700652792135
26.538271578118263
27.486365933695613
32.82348097669618
14.033230444140854
14.197269793850097
10.294315737427784
34.21629114219281
15.12703640703908
11.926097080355946
4.065487818140751
9.124099449800326
13.540674126978491
6.7653930070735395
10.349683716922526
35.42115065200592
39.601660067730954
2.7018043900804756
33.96120792258669
7.276234850037577
9.17857430072645
14.727888590365534
37.72760948896842
0.6547563448108917
18.770140689341474
28.134880362431108
43.41744372828948
6.405824678101718
13.294976847672334
39.333794140564386
5.1590662400140985
49.123293127327884
47.33771549595838
12.953279921942778
22.537111228407053
34.17415313905655
18.100875041083963
24.049134028333373
21.202812062321165
31.982565738353646
19.87694631216429
3.1929495709899336
49.20792575865235
39.147639758944955
37.8738836231709
24.800000862738507
10.170014273020028
38.93251905922435
24.61802447655126
26.86601417608019
41.385595517133396
21.753271133001924
10.056233392193615
21.87880786169845
15.78137194090079
9.43977158294258
29.529900271546445
40.61171287228643
3.7957137843413924
20.20102649297834
37.670853349501606
45.6801622969644
29.32384424673981
26.58693069124325
15.493777415000254
48.72538184262216
6.588627488088294
11.816717152812922
10.437224329133453
3.5800011406556753
43.02577980489865
46.82629052022935
24.66199731477569
9.541860560112802
14.65715171621601
29.194209668960596
38.36622354732442
23.53869011145736
49.516798436498945
6.593463554432738
25.738229928880312
15.754270737142306
4.173283312105874
13.060970197830335
48.19606164248428
17.12347819612312
14.171172812967187
4.409870520505099
17.644383163916682
28.96995615768066
8.205874225425314
15.202265856429648
35.92117398690648
34.725115211306296
49.14205988547395
4.674488402561589
22.10503712660094
26.169651278881535
23.514788064061037
15.680122118614392
40.360318010622805
21.025413745897215
20.03886374226641
47.30228748745717
45.05716648763066
18.96095115807872
11.555898807684468
42.02677471483423
19.53963782795549
32.149966053391296
28.182375883965662
3.020108129030147
27.273469669832153
25.21798632569548
23.143003453626765
14.652287114062363
8.114197944744916
22.96594658299622
7.617813874306872
20.350093156938737
19.78273130270185
42.45499070782824
29.604714284866535
6.419006170210589
43.2570270015163
36.22313946170218
25.57017414954886
5.811040858270972
35.69915025492772
34.624862649734744
9.508437704090289
12.607964199816834
15.82027553171918
16.889138881337356
26.026546047425647
2.2139522950524295
1.207582591746803
0.7288760724258936
14.998315020719428
23.695737449166455
16.41018282172684
16.6557498002054
3.827331656583005
17.77468328409707
27.69640231441441
25.13060717677899
13.505702974259181
28.406425114827698
47.33913623021071
35.43104121185058
1.2018663548491404
27.751083760532897
6.630607371322117
3.86634805345335
41.1376875005506
11.194720919230916
39.841088563447464
49.7142574197913
21.859616877973508
49.62327445730975
32.30247829631348
4.479577440083343
21.184092601737508
2.3512418988768937
44.406841074546946
15.786126861960092
24.988849769161586
48.44266767694004
24.096436871372568
19.010264991072706
29.48363308200537
33.349393869416616
42.29975558894499
33.890657374910596
28.664886238608673
18.677959743555313
9.33752261535455
1.9012122855616487
4.090805028260669
13.75821449908941
1.8733345993468653
17.233434423825813
24.448414059593983
7.504961294919388
36.562777220268735
5.933883793242173
20.50596356466804
28.24456287576697
15.544369226863042
0.40371079330341897
45.64232239424
21.271053302959043
16.9614541844498
15.569892972327054
9.282771682651642
28.868116195669614
26.810013115511143
16.410974306482366
20.85204569375146
38.18374884510069
48.36265127423866
20.749064268526467
11.625531145324969
7.4928400969639375
16.61940477029471
35.59065916174495
47.55269559338272
32.15228405953766
47.72534319739232
12.486032437389877
30.744461431595088
16.526344680944383
49.826939747818656
42.161417656253825
40.640251292689435
36.83935301670952
9.2401193477002
45.07376064287127
40.39599943939541
25.800666282114758
0.5787243798740127
48.31962831432349
34.91877106506329
33.13221572955324
27.435703984183885
8.486076593359599
36.00237954631535
5.212174813528109
7.791388914825842
35.356680618894906
25.070172786325806
22.0687362717512
17.07638742274978
0.6252332817421102
46.363299629725155
19.598143135271084
37.58241801539759
35.564349471027896
10.159497838220794
24.207216786611223
14.131509664771535
16.114700578460816
24.925727873580605
39.64187443598565
47.9201857970689
28.21215906744256
14.16066947043147
7.168358203926051
0.12599474385368015
9.652496577210734
35.3797667483963
27.95585923531087
39.224116301039565
1.469616839348109
11.104329293194121
18.482163932213936
14.963067828551303
7.701764020782881
1.7086570115412036
15.588329018198472
29.237873356530326
22.83646759688
13.763041054371799
11.398146842621898
49.4266133190923
25.27125088715906
48.53720483582813
6.897668340253715
1.5466823004887609
15.36587600260601
2.0522542491204057
42.34514731648208
17.724134267239283
37.605428507042824
2.7379679520778186
42.47480781814559
49.543842021994855
31.644918373759555
42.26602763459199
8.103893167501418
2.5792903516127677
27.839799593920173
36.37163554812622
46.570262232153695
34.981164820902244
21.896561992904516
14.658212764250184
18.943547118439792
5.181555749514471
9.405485496351119
35.401490428281356
12.603965308880106
44.35418962165254
8.845977189446957
13.903909962761041
49.963244679701155
9.65571260206226
36.98533055079697
9.12973048491783
17.011359718664416
37.854972901754216
46.31765429018407
23.70678276515935
47.371126768184816
30.573028467498958
10.90667004276496
36.85525953664664
35.18967785741128
10.337585029792706
19.881315642271858
49.82132743098273
23.5792345544658
15.070029670599283
44.073378671291145
36.09188869538723
11.150695622320988
41.60497852853853
38.30796747152949
31.65390241515482
18.48148308142832
8.752898210138488
31.451794850402866
19.33839055075046
14.90107381838981
26.03478033055422
17.57761879052821
26.750418528295437
3.303706065206158
22.334531055300744
6.416065324965897
22.054194232562494
14.166996268540826
46.88528786767404
43.33857910167481
38.38162802800992
45.9342996012064
36.56723149558856
8.144678415346451
25.848283101766985
40.51848719440655
44.71766904413903
28.001799891261903
46.499982933742096
46.388866606439116
2.1476603598247825
3.177927346273207
21.26900379187972
37.047717504232395
14.974419590449184
13.496139249425381
39.299845646150025
49.364068566117616
42.09496309309406
23.15874932503408
15.87601496876862
32.30297607851332
27.557621961469437
3.7441719795847597
3.291046271886544
46.406141995820676
49.406057034510546
4.163684413554902
16.899196203353245
8.060131216752564
18.63630911610285
13.118398054525555
38.75228721003208
17.088362729802725
40.00110381004203
20.732238129552233
2.5833137677818807
7.268980963438337
47.38507394490038
21.838531232508394
29.68633386789545
8.83633804243526
0.6592459470477707
10.749136424201566
16.582773407934987
3.1314890383130844
20.01086386279339
43.54948439312451
22.17062826894517
7.275100955914926
36.02228517703233
42.86816539581136
24.563947420948075
45.735962979934705
35.33790141865262
13.593915801993301
23.063018176605482
45.874225712991425
31.213199953637783
43.42451298999436
5.446107667015976
41.8236465297153
20.41102919016966
10.186483656642803
43.70761761698158
46.46863625801844
28.651827790856498
33.017624853615935
34.387169232457794
40.05248213474506
40.32898751475907
32.84265219762204
39.07440223477832
31.14970838753779
36.632318781996595
28.532271004172095
24.08302270317676
12.432156540700351
46.236260830441914
0.5117315996734983
46.7811395588563
1.167890456536208
49.24525152762316
9.380436092136712
28.142421772024456
33.91700378054542
29.073411509348656
12.411249555383908
9.680368391360428
27.175125747422175
43.69080999431297
8.745170060633999
22.87621196768539
41.34917971319797
45.88859851283422
26.353196357795273
13.862283857023128
20.74925436143428
7.406203912644793
21.882293365832805
39.36290126590613
33.76722414493984
0.28677770901049393
45.80765439640251
3.8900501517563244
39.49641999875137
22.212921742739393
10.682771923062656
11.83035834491985
0.6325317933859986
44.50908230905869
37.075400000653495
12.787116556660983
48.51407491050867
32.010870197437654
25.335294764484082
26.226995943674115
4.5028227242554175
30.127273553474488
44.796011264238025
35.94712520370788
39.96937092334189
24.493881637481007
34.179040115537354
48.950202559910124
14.108728986266145
39.68837846756314
24.950096952801033
25.53371947129775
34.658147670828875
41.841365647679886
27.291381421383214
9.525293333293522
3.048297082650564
23.183028003022986
11.721429300048097
30.381443397267567
43.30455422138058
19.818811486717326
43.27382812068406
34.90698453723321
30.75295841799169
48.9445694798152
19.830287059124213
8.427455597391592
33.68757490964839
33.339273736956834
49.4188584183617
24.73743338604561
7.080700692083064
47.2694802423279
18.44467269693844
25.659450947967517
38.73616965383538
1.6131900657851417
40.79467958686456
38.336623146430966
40.03782510706767
26.057899248354833
20.702519367470888
28.189553814902784
21.153840338628576
34.987330007120995
11.42910460598876
18.829478976058354
30.006394134569664
21.332399329063822
11.313141848483266
9.150816135275075
28.97989600213017
26.264486363131397
44.84933041918153
10.15200852494647
20.06891094641756
30.271986422502422
20.862820733258143
36.235949752520455
37.3026914613491
40.38339226015425
2.2247201309295974
8.188985435324764
7.672106272668888
34.857785512240284
32.2488564981043
0.6882689607003223
9.777594005892027
44.76692687968246
23.617996728660863
29.19217966936396
10.165056000919176
13.53308768164368
42.090377580259094
34.92799960719999
49.98892338320116
36.620388058792216
1.0222081449613396
27.979122248277665
41.6203177039799
15.131902576076573
8.861053029460098
46.90185348763893
9.883769286486515
22.96135000973827
1.2230114475092646
11.894898476015936
19.375897416722893
27.69900251014244
4.4121333669304486
6.093808195118855
38.20013470661836
3.20792082917567
21.746757268868333
8.554469213689341
33.72882272713781
22.236463062164937
1.1933837426052973
31.980548793044157
30.814996743598144
39.87381630938316
11.337293385666825
49.87793043625395
22.84578488548857
15.594207897320578
31.50684592811549
25.98792090475704
22.01232326049113
7.424471435202451
30.189527006906548
48.319634376704826
32.37308348543906
38.50929356574385
36.61952560938212
14.870009762054382
26.08793068081892
46.271797633545816
43.83664736032119
9.450376837071534
47.08130986627529
2.0198526500230574
10.492247672631583
3.608170569357311
7.231606388782474
19.225016780961052
22.93779961048991
40.99499317973353
6.219477107628885
29.550406519284632
1.3176969994084464
7.132803016374211
43.70328787270496
37.910217521553434
24.525257168486288
13.969013481826636
43.99830874251664
12.734657137204664
14.595363806379758
46.009219485304754
46.07970368525681
16.848302986445823
6.780141919781552
43.68878678043618
16.040033445768522
17.443469938799595
14.122426564209295
5.250950899469819
21.53142656318912
26.085899901448933
24.329643472760427
19.38777901432673
10.707967461858313
17.13688334007768
23.481525169495637
7.139249885123228
21.581058026168463
48.286697947051714
12.396312149105492
25.322667137043176
13.50473860041363
28.19000489436383
39.41325791524549
16.500184722078696
16.733690725073192
29.47427611619891
32.863361130094844
36.71648943490863
39.52582111933551
35.83896315351222
19.640316034826554
21.012814815432957
0.5849110236614663
15.874978762780174
23.109590315883256
21.5777835514341
13.050298854683279
16.247566492132936
24.621503529620192
34.44626532891221
34.89556404108917
4.802577610614383
44.28481081347936
25.746814546769986
10.269195354604582
26.31944970814934
41.74828823889196
33.491319889163506
36.639394713787894
11.607149612482248
36.199058948563156
43.775659848734584
31.251960564739846
8.781430314051086
9.584233283178307
28.799377156950083
29.209958476289533
49.20513802485651
26.136332545096803
37.722139662721744
21.54705874439266
23.256888200748676
43.06139443248962
1.397815251191259
20.420585429119942
41.80196193472275
29.526395055935335
44.06660934073614
8.418948886219512
33.765412199332914
34.98905446894723
27.03867700979859
16.43900650033125
6.128255277446365
22.623733676975792
5.2858113913870355
47.021006710308605
34.1732362603063
27.05401810588805
1.9395327171704002
36.38265235748444
6.359085266241083
41.374240010528645
12.473839219224198
26.160151476353327
34.14335134021804
42.28333805309418
45.304023155604376
18.730943277172784
49.148688102680104
36.86715306718496
9.964520562825886
47.742733035877066
16.56567640463642
35.68293021302837
7.850872178837842
18.6749566768269
44.06120654572969
24.168069853880446
25.278958799549805
21.952180936873823
11.807976137453574
35.4758947928581
16.38176520926126
38.99609417420687
8.368807908621012
49.08321732681507
3.8114730345354175
39.09537386010072
7.374270390895743
44.927376553080656
29.907645041504576
17.07382189720174
30.31625184632574
39.84826177887476
47.2514598968841
29.18881325834029
38.27176328791608
8.985140141726733
30.907806106730185
37.550472759874744
8.483258956818062
3.3823804466232232
17.061327169885516
2.602781160956724
26.058085159419004
15.513375108525624
32.79596181044328
40.456000371103215
17.674029069014114
38.310101129355765
28.877429260260346
31.81900946020194
31.744708657893305
18.65534987286704
21.23738703423918
6.187300100293247
16.114132011326436
4.907509207547794
19.906219159039434
18.972154534042367
5.9667350423750705
37.88663712892298
36.17666756845689
14.348432213825108
7.426957700017916
33.788322448351835
6.725380370529887
19.90883275950524
8.956369175793988
4.670144525087839
30.20115176182739
39.31951766947032
0.20883835031761944
34.345086929594466
1.1597562226424107
48.9339865099056
41.6303108852761
28.67590725832068
