1.3560184851063368
1.5323969874957215
0.33766405596381127
7.839846711229165
3.5848419675395107
0.9055195787443739
3.5262561024636567
2.6827831932333512
2.587599854850856
1.1622518984207384
2.9951315576489264
2.8438779402391097
7.806074879784794
2.5054094333501338
5.557889769014049
6.596781898594762
1.5701206095403373
2.288181640950545
3.3164473519548494
3.9104243731436212
3.8179083538280976
2.8678387915824435
1.5544832418740755
2.325142612824441
5.088439194582007
3.2759189628389414
4.114609156383087
5.756982186355551
1.2916358815002589
6.701612157119826
2.8605943859513334
2.9477377018042095
4.903123424184854
2.62707778330812
5.555874949587582
3.368272267220601
4.630316197843375
3.3750383341227854
14.480469580104947
0.3010676926738178
3.7647782598363966
4.445656961101893
3.497673446279379
3.1838301539225515
11.795086105306767
6.320810743840344
1.2783965341490566
3.345716846254423
4.28693274728794
8.135271753178888
8.372054480430876
1.4603560296385016
9.579159352830128
0.5964556404576847
1.1193782244122092
6.071625153245642
1.617068696629669
1.5012010302408332
0.7619599314393412
4.924499860276654
13.363640604777206
11.211382779403383
6.855084565032903
1.7941526225537663
1.9154355931660418
5.2647661405758805
1.5732646123899579
4.268506471448084
1.1978397333610336
1.4388628847416323
0.9302268296290365
11.005480655122563
3.3299727740175205
12.772208260314619
1.3442365650218429
5.409233974903348
4.027888638103393
3.960951385834993
7.909583511791004
0.7461890106230604
2.8083587821906084
2.033228715496045
5.773103139828499
1.6687622353224631
2.846074524870584
1.3412883846225219
0.8478163359056433
5.148854380325434
1.587907410191889
0.45144012953564927
7.6503310438061645
1.2950841948667096
11.781311924589861
4.263871846789083
1.6115092374533255
10.093313353824472
2.844983211901784
0.43738072027825836
3.970922695695948
1.8731504197963602
10.779753973532216
4.480134626991916
4.02908708080284
3.010071230382613
7.032264846719549
4.160716577185292
1.8267589796609491
3.6169841291420664
0.25881863212690126
4.770126991291774
12.570770517872143
11.362638764035816
0.11405262724347952
0.7028222013232476
1.8312322431190649
1.40233942989208
2.53474050573635
6.0824212993278435
4.3281024344427275
2.00370012330021
2.7557719873805344
3.1740161421947946
11.104816584231994
1.7378169979739773
8.06912446677969
2.790640966829751
0.7579113576932857
4.122042644356336
0.3452659385103469
11.362633643374199
3.2721355407729966
5.006134481037393
3.082128344747668
0.5567339923813874
0.6668208357061363
1.2577391266982625
3.4846307587546463
2.591632362661435
3.637810731588699
2.3531319404021875
6.986273980299643
3.9870472384572166
2.675636203516612
2.364276627080472
2.478074819153252
1.2213958666367957
0.09157056979224477
0.7011227532421622
2.9391861594177127
3.0412294461030833
2.868896080308008
6.551271352063688
4.276714957455156
4.248730722040104
1.7703301005124497
5.201195725229697
3.504131811049389
10.232167692027284
1.9651071673095275
2.4920169600418216
7.272397280793851
4.676242332936711
11.759718682039841
6.3398278195291
3.9589375816588497
2.966757525592742
3.0847202623911567
6.177360303974515
8.498571617926352
9.133010967054283
2.4833841945022734
3.282980691873477
4.111984697050582
3.744130726734506
6.765402810629794
5.274709671303958
1.629391098244434
2.0778584932668367
1.439637222918019
3.74784109913109
4.420053221109657
2.8010515468973343
2.090040369929496
5.107527922007108
3.145237444170924
3.108848266597412
3.340547520901355
1.2435539435858047
10.096785250501938
3.3213320837070066
2.7188895574342804
1.7844274324680514
4.638755511018525
9.254055441841027
2.615891553621882
1.189893018503417
1.1503269644640992
3.5272967534984994
2.532725934485798
4.517419550843538
6.644665338160627
9.945500773105685
3.6612014749573962
13.445226998559468
5.154183693520321
1.1672121266822222
3.872061422550438
1.7561620403009806
0.13028330786898548
3.9712682333027147
2.6693058084346455
2.1231470873866276
0.38992119181820567
2.1593923381310964
4.35963888370068
8.01093526231659
5.939193458472294
2.0473388424702073
1.405768202095366
3.2673439974216265
0.6909607341014795
6.533446717822506
5.787735360824922
1.3126336472493
4.452742207455139
1.3158698042994144
1.7532616128830587
3.032702163037788
0.5708779020884959
3.106271070520756
1.9690411922924886
4.1065707706889665
2.322634617233241
8.752963330228175
9.027826429548083
15.297787810093253
4.580092053599594
1.7420436863451785
3.7133487105201706
7.976915515160001
10.491570147547842
8.98136620423477
2.9521529302300493
1.7437431896407574
0.7549845532310654
0.6998497966510034
8.793984467989942
3.9693799668115872
2.4264082784306535
1.383009121014231
14.02169384890997
8.052622877462028
1.7351052613351967
0.40962298655741775
4.049428608228582
3.2043059286761633
5.703367842534059
0.7736253948589948
8.144998965097807
4.8535884401308556
1.4913348175622225
4.922280806107048
2.703553588957479
7.186571798564652
6.2071901061491905
4.3215523971241625
2.7748005518088914
1.0101788811948287
0.7295921735230122
0.5324710550728821
2.0578327936031457
2.533207454741179
1.5615807800434134
3.02406666588945
5.598408580567362
3.4809907960703277
4.532786458731508
4.1055552918555795
2.884960786529919
4.614481080096641
1.5003340320470886
6.6685743396345805
3.4408291970065927
4.824066936370264
2.3992877112680278
3.3703167802462697
7.635880892855035
2.259978772120732
6.009305049782529
4.409228158539631
3.757631227287644
2.1506379408877803
4.671583386516741
3.7292753828201017
3.1809069234913903
1.2806688879902066
4.2651656203382675
3.511084520696899
3.823512933113543
4.416071191285226
13.016903547722531
4.404303357192969
1.7322040862893926
14.139587630996463
6.768655624667251
1.1599025060129533
1.8622726470268032
7.76128426227242
2.0943748109145983
2.9326753879857317
0.5186788131510395
2.868287705350787
2.459853496611846
8.907806739497312
0.9592520630817114
0.3605813743423531
2.3226032210898997
1.0972098430501704
0.8774712064321393
2.469322230507721
1.1187849468812665
1.2168788028217845
2.4004887184013453
1.6590112079193207
1.9766954272797361
0.8655215523378655
0.7285776924442239
0.7477630923411531
6.505883022853935
1.0637433956845903
4.626695351795315
8.21979145096293
1.3444629482753085
4.879017460978179
0.8979464730230889
2.8650790598326563
2.8134041334276847
3.070933041381902
1.5611437415527054
4.9063955215051855
5.772098135096421
3.144238763391709
6.220719333478525
4.587585442282781
0.9680898233282089
2.16987415076301
3.0577095837686223
3.184917042121225
0.9010446222845644
4.264962673644781
10.442629365652365
1.255690827821763
8.478106749310165
0.43277098225274985
5.499933748965667
5.176299669643745
7.971629787558985
3.5132141553067875
4.176884327630012
3.647090860494703
1.725426924368238
5.434211623034224
0.9813831946057835
1.3987682343489518
10.838382110344796
6.226254200801954
4.1058704060677265
0.5833057461590844
4.6088753651497445
1.6569747908208752
4.0807650710925
3.046114962633951
1.2524128498033313
0.6641565290147952
4.231610428291537
8.887677039882112
3.007753948939741
2.4101911950142
5.867494534888751
4.943701993284435
6.767911112528884
3.1463766234427157
3.4039245249969685
3.093871494138311
0.750125309340616
1.1468024901953497
5.5141395230060155
1.9071549769253884
4.805609962578507
1.0201381108526753
3.3630434561989664
2.4531704057646024
5.832785780186365
2.6680358676663607
6.760434901571067
0.49495093797594125
6.609043869645939
7.1337462399619795
1.277140871695676
8.138850530463223
0.35760605062824397
1.584104628939135
4.371230079955499
11.534605738968144
3.7222976111808124
1.5532677972772302
2.0266495497732286
5.8256255831817985
4.889964881396296
1.427814438025719
4.930483772756269
2.878600789315342
5.880385180072617
4.242887525417736
10.06131956102885
2.5722110709946584
2.8242555531110307
2.22303326806556
3.0031495345773047
1.0617300242834085
2.25293937918219
0.8803374059059539
0.6062404635612091
3.7450255762381803
14.842993922735086
5.256826856594568
4.5151464739412255
3.6268916626697525
5.608717642688716
0.9865251428831943
3.0858974600483093
4.016665822430317
2.784313559149778
10.98893743556773
1.0933455514461325
5.897822962069026
2.0943249157267
3.377643549783691
0.9664398653461237
2.0234033015150876
8.41945477567887
2.093780103628458
2.5851941505340217
5.254917630286979
2.5098072503109594
7.228026923430774
7.472433996036359
3.1588336052257913
3.0163759302596946
3.5896802520782543
1.610685613734175
5.995026221498358
3.3033766829729663
0.854063655601303
7.084836663190235
10.114876259078478
1.569154959998689
3.0518635633241047
6.449516350904354
12.31337074213022
4.73735183560938
3.7128574646625134
4.319420194240199
4.341462462508911
2.597179923528316
5.495156379627182
1.206691133131258
7.5984763441355385
2.498064469232669
2.3122875478586056
3.6679424563672076
0.5815031957501158
3.6999401890372936
5.009950725380049
5.248972651265809
0.9157794250983542
1.9300635975261031
5.504982333230336
2.11588365017376
1.2862566060211325
3.511417152730229
0.9184199554047807
1.1545491134917927
5.885484191521254
3.1695098154664803
6.452878072233092
3.916530678745185
1.9509664868748393
1.7920609893530666
1.4696560773177818
5.090235793522643
2.6126574518040657
8.549227419615605
1.3851668657552967
0.3391624349275554
4.1576277472459395
6.749082041665721
5.312032048311892
0.515687597894843
4.441781263164589
10.198662302221276
4.553830861968113
1.061211152099864
0.3070595338487474
7.025826937920168
6.108228429458308
0.7396617365768432
2.493258892420433
2.973234234080136
2.513427258739426
5.39849112042468
3.420351295354305
2.303420856242285
3.674499436679495
8.632067329088922
9.07739748201385
0.8971036968078462
7.077837594968857
2.0735839231367517
4.130614530866488
7.727057867148074
1.5129737561162746
1.7355236961633906
1.184148509221963
3.563698685198539
0.8138880379698878
1.2936049079790193
0.3975768060958163
4.059272668922017
1.1579336823078528
1.677253990544551
6.860859903196459
6.7214435787798905
12.676859002621566
3.6367172292224934
0.6790824286061442
0.786444501614748
1.5939439367402446
0.4519555296276542
2.8003573785473064
7.109399298077336
1.1014867401815684
4.536276211981191
6.157687098925704
12.076579374195829
1.4059606596028231
2.824646250959846
6.593821289331555
5.908453630858522
1.6130827404870582
3.146675798538064
2.0806637365045013
3.362484775170367
2.1121030537863956
6.738214778059128
1.4840326059610773
7.218913819890803
8.282654848331871
6.022012662919299
2.6387889015819908
2.1687045379166956
1.0012949296124476
1.3190898429129854
2.4673431048857397
5.00329623107341
5.528415721097365
2.663541257612274
1.2428219571341343
5.045898344241031
2.1629028779950534
3.422814920478902
11.103878332166415
3.5245487035999097
3.630112935247885
0.7504685207701398
3.757935904349686
1.7398701527246199
5.381814157881409
8.133659167889471
4.8836027718906365
1.4064877321909597
5.259547710363777
0.44354775628219545
7.135300247653304
6.945483541539696
5.2127373484002035
3.897658054266197
9.873782280937071
4.257687751318487
4.888667589631732
2.397618710618954
3.1217257573592834
2.225832953583358
0.6082449432722141
3.9295445163833946
3.995206791224357
2.232209752423195
3.647065027672703
2.6683548444341714
2.9108433667840443
4.27252964512024
4.806594690466644
6.1118734471550376
1.534030325874184
1.0831963339919235
1.8111498291081418
2.8512093519219976
3.4177712465430248
7.8357398268489975
0.5927510584503182
5.31799610935053
2.8225831117554696
3.1653702190952426
6.8993062938239005
2.3106913717719264
1.3396991755535816
4.501251465194597
2.3507366410321042
3.3265309340231326
2.577030016625912
1.8823804133788606
5.958392118786939
2.530128080985576
6.482264192921577
2.814499838066898
2.2255319702448393
6.402205215020159
4.324743115534961
6.506806130598557
1.851153849165887
0.5115704310029238
1.8347321563286714
9.574889594952548
5.095484311046312
6.867829316127256
6.347141155494204
2.6549738050295075
0.8740510764625686
2.297080840005702
3.1728370780543695
3.439845909963727
3.107781038942647
7.107998265786385
8.172064628929263
1.6547182656716573
1.1167108053364936
2.710212911313365
0.9934882157267522
1.6940067229353504
9.326814355480337
2.968754887357606
1.2035297219447432
10.855007745989623
0.2820381815139312
14.014580449522661
7.338602315573843
5.55505999080228
7.464061198667373
6.163189510398057
4.083120339171346
2.787232804643976
4.302434589220441
3.137849660435778
1.4782707131721977
12.072408764263777
3.4466358981206446
3.981582999596958
1.3359326769642736
2.1834294419380313
0.8177580163327112
4.921311810832081
4.162820469393333
1.5269707384044213
1.3250739335293855
5.98348629427955
2.7201607858726495
0.5004566616676128
5.8209456270092055
1.8560913077014383
3.652141480964826
2.738247058243526
1.8175042789800497
4.902819853973329
1.8147497502434864
6.727605086893929
4.874786131533062
4.11637987296406
3.5126105443502467
6.575282312731099
1.9812933323210136
4.099643703859717
3.568178105955387
3.402194766178854
3.830197966432905
2.1969753002248686
4.393877292285902
3.2177566284600405
1.2927649247555364
3.659105101371875
4.260228482659557
2.802491256049221
4.131044251281548
3.0667379810484228
2.736682725005394
5.346487216049721
5.193640624204633
2.2988928087042924
6.498407512033295
5.860494191380955
0.45373628648557324
2.025887931466331
0.6812914776710042
16.290041631848133
1.3984454496462144
5.186426154163019
0.6978887042571388
1.7199323437844052
3.7733791319776606
2.1397597592634963
2.0186677699820823
4.7180249026883665
13.703176144942274
4.400942998815123
3.0851728317260543
1.7390366261782793
1.502958976646792
2.2801329926741114
0.8606139927739751
1.6021609459051271
0.3700474310878791
2.7150293641645677
0.9376699251473187
1.6980042313330685
2.838973430608113
11.164699876646369
6.140798078216284
1.2836766084194329
2.0514935846833082
2.0471285100923517
2.655316290624882
6.9344758214027316
5.50453761463987
5.6062836018787685
0.5423876982335905
5.003864836366564
5.662977524791068
6.4246703520946165
1.3368796110152237
3.192167710010238
2.8269525292839703
3.5132017131978652
2.641259652245077
4.316136255166523
1.5097698396223656
6.370688933870129
3.672538277169142
3.9004101718235518
2.1462472495839173
4.10253793885652
8.602130258625703
2.056222117960703
11.772538151685593
2.276490858182085
5.510775926355616
9.22113220752875
4.1733794321755235
4.309414850495433
4.820355286270685
1.9032531123437835
2.1269909593272147
1.5955581898126707
2.480695660446517
4.056874336729174
2.0154478130526625
1.3825785881267636
1.0217685291457925
3.609716210075921
2.1796858424806533
1.1672607530525834
6.236576854654423
4.187119783694744
4.165661732717696
8.302016987986004
7.754822721683986
3.2320787243922062
8.393914696555118
9.720710563868002
3.690459528494374
4.742405267773396
1.1033920892465077
10.457530693132306
7.341176761550688
7.500648048413009
4.342135323680718
14.481221554945495
1.0732012679349165
0.9820945247845974
4.786723824536701
5.572813458612844
1.9184676437513999
4.432506873917235
2.9265012300706275
9.280116434286636
7.30309350810602
2.64600988939224
2.4967347561933013
4.061597996429909
6.817071999541106
8.429324902341145
0.8638268383301099
4.031288384366357
1.7349047649539018
2.079036565362413
4.512683257068133
6.435995870782087
1.482950331966209
7.69662850301795
8.907670251416029
4.2109852744069665
5.4703635713109895
8.480656285686903
7.888728128808949
1.6753285676098333
5.996044705059225
1.8708730772442397
2.6267441893823635
4.510821968641871
8.51077604390684
2.318837619595818
1.7321302319509488
8.281552421681184
1.2188018098781028
3.1247703565155045
1.2933249198270043
2.442331274225456
1.386222894774456
3.6471098059211102
1.1736880255766171
7.99159025688279
3.696384793901954
3.840651749938723
0.6734461695997874
0.5534462813242534
4.804246503259107
2.810093992548093
1.8233061792738925
2.758279056259019
1.2922027427408609
1.5946170651146694
3.8962334061071604
4.545468924356583
5.497392082432405
9.585296099635755
4.893964980498729
3.3678029841980086
1.6972913772324731
1.3346447286084686
4.758876850323447
0.2645004097307384
6.08742840430516
2.905947407209828
7.169992945750092
0.5633065522766084
3.1218852493183737
4.756289590295365
2.8493108242236533
8.532044718210862
9.696136788615606
2.496749621700067
1.7001390898726885
2.574901174897583
2.010183880199571
5.322539919556469
2.6924525290311405
0.8596692627149559
1.1334538551745807
0.6114813735466778
3.1524355865654936
1.046434389097803
1.8128723774650752
4.177076195505044
5.084761827870216
0.8758367710595543
2.16044188754109
12.487913379306704
5.887557613965547
1.4234728502223268
0.611522512370396
3.3307891817493998
9.345783093698007
16.578202457508205
6.163836383145526
9.301984283715045
1.2081671714363296
7.502294167459988
1.0543774533389152
3.8230478063626094
1.6245313416024068
2.3184310523270497
7.363064364914143
1.2352869177261556
3.6876302651339556
8.322054574411949
9.865886214962043
3.0499078314089676
1.6940094836204755
1.5221909030852618
0.48689082428336034
1.0928558440454619
3.2052498412021295
0.9996069227708264
7.520450586046724
2.3727436368753154
5.361111375490505
6.894542755101971
3.1884568181682327
1.4229166620678204
2.49198215255086
4.519366027256678
5.717094445300739
1.951429886588053
1.2393444780052332
2.079780645776057
3.8555622451573734
2.882309398371717
2.9918646762855117
2.4080163120811995
3.686277515172649
1.5467182922734928
1.3771640566164909
3.6046276949028644
9.018265937695498
10.973613776643795
4.240170977727339
6.505708284666948
1.2192744286863635
3.3590632950016843
0.7371713703335276
0.26960978722295464
8.096386282296777
4.459633736874278
1.6259797792151796
7.296649703192468
2.944715793310655
3.508477466897491
4.122321390698981
0.6860027797729382
8.138575671297684
5.672727170859303
1.5680851119450943
5.239367198868558
16.67698036278035
5.033394134340224
4.422042959315738
3.172736564050097
2.7194446319219283
1.7953554570702401
4.4715010246444855
8.16868107318914
0.5611109996202849
6.149734114210069
1.347517116807381
2.0930316077328133
3.2977290088463116
6.15917756858857
2.4544584567683194
4.901298791695488
3.1470188765479783
3.6294490522413034
4.613428035043547
5.624636745888401
5.080391851999927
5.466615900732666
0.4607963247904748
4.45639370944797
2.3341694894540868
3.6166681903864784
4.861186482256746
1.5927472769042739
1.6621370221724199
6.017459833390161
11.4180158435432
4.475766877352896
2.7407289441282603
1.6230123421437042
6.616790696642548
2.9223781260522386
3.004844205841404
0.9076365233582242
1.1979351775916611
3.631226820115226
6.888415533658411
5.1733213388331825
3.123653400389955
6.523395403826616
4.745973808330943
10.817280708650916
2.1463418257198197
6.543035134278119
3.9039375540443975
