-1.7841142726470491
0.24204615075988722
-0.30499008019162854
-1.2764682651556876
0.8973831814457037
-0.6653365807850365
0.020780651857416118
0.2052239034938333
1.334657370356186
-0.5883037415435701
-0.7894868342972251
-0.8799323755023767
1.7617347520989979
-0.7537121775907675
-0.298148639927891
-0.19807591825256024
0.6115306935498802
0.8796156352436898
0.9019253780032154
-0.44594643003736134
-0.7395505342475466
0.22261758907116605
-0.3739700532212864
1.2803092126103257
0.4198180999412301
0.06815302951786151
-0.6386573228738627
-0.26725821502288255
1.2461171466934335
-0.3060594653613176
-0.39070742322123936
-0.5190434521039682
0.17036616133888896
-0.7562283435718802
1.1285633119749041
-1.7708285725979995
0.6151577832122398
0.27272675414932646
0.12750433513180498
-1.3839561986422988
-1.3423933071966745
1.3868546973075244
0.1810379193317403
-0.12208860375404974
1.251912176685709
-0.2161396091374965
0.37132209825175877
-0.8887162593718384
-1.3135965402597072
0.9223639566165367
1.583458509056631
1.2272599343685366
-0.044195359808413576
-1.5251402617419116
0.8563098379972702
-0.0031833367926660397
-0.43219568487560406
-0.3735968538082085
0.41441488451413167
-0.02039016586805286
-1.4314582730415875
0.9118543859525573
-0.5626362999690118
-1.1690292526540658
-0.4139750151222902
-0.9741473905974317
-0.2696606482241207
0.42140611749169976
0.9811545774894493
-0.44505031350162644
0.28424733184664686
0.470376495481932
-2.3636375030637824
1.1189977641062476
-0.30556245281940175
1.1792279607340455
-0.6606873333590398
-0.3516408969130708
0.7921502775578249
1.1671908399603235
0.06600945784872637
-0.21569739511973376
0.49211412254766085
-1.1656180667984997
-1.847302229556304
-0.41889670363887127
-0.7373614231803701
0.7548965391180218
-0.4083582460942178
1.4759996419531891
-1.2628215777115572
-1.967845922656674
0.4383091316954506
-0.9404181405901328
1.9376297080781184
0.5544359822894279
-2.8613486297970363
-0.17137239803694712
-1.0833231297081187
-1.6509774469051373
0.8661071548744109
-1.4864040555062503
-2.1056089824309283
-0.48798896681144033
0.9954986515620519
0.9638280957010438
0.6279344955334131
0.4893062610146202
0.3687343251311316
-1.4254582421189055
0.7239720971626066
0.08611577148407239
0.28374478433383415
1.3759715335761924
-0.3301128399214662
0.7785897660251858
-1.3372281837009508
-1.5779626299647138
-0.11513394813301506
0.8541173851467004
0.2789775891396914
-0.6211798928798512
-0.38464599517807757
0.7131977711992514
-0.7038648239309476
-0.742387251963668
1.188971643023885
-1.6601076066718836
1.059303739426384
0.6876590103502699
0.4595738245968674
-1.3378361360073485
-0.17306499169382658
-0.8532707075616326
-0.5954558240717294
-0.3100795754055744
-1.7321260979732591
1.0258373051411378
-1.0936714555077336
-0.12995375690677777
3.42062961350188
0.07388265413488902
-0.5997860710582812
0.7833746923717269
0.5521719354196937
-1.6762314158427811
0.24967300021460026
0.26685813071352243
-0.5478062417677877
-0.4606354666956421
0.2873693706388576
-0.7467613986083812
0.24812332719439675
1.2051323135497682
-0.5780700254255254
-1.0375036915848725
-0.40511495142897036
-0.9955530193013147
1.2080512315183596
0.7482705872573904
-1.1754425042236087
0.08005100828453433
0.2777411974862574
-0.32662999091999007
-0.33274326269875293
-1.447950312927512
0.23741550272539097
-0.7752826483072689
-1.5104933009730066
-0.9379095740499785
-0.7146557544123945
-0.3157501806853339
0.04132002685676728
1.495970058030185
0.17390184873736553
-1.1683438486547488
0.5401190589506064
-1.4507760702543222
0.2663976081137581
0.23963877427056693
0.06829573095845201
-1.221505387018936
1.1003372371477205
-1.3499751740404948
-1.2978880903757797
-0.9867650229292558
0.8887840408795415
-1.271124180205634
0.6412636923230768
-1.5741869722195765
2.5861916040819044
-0.6481618589532605
1.7991593314047585
-1.2715335426951364
1.2864042245026737
-1.2599930795913665
0.9300972202529872
0.9236471152399627
-0.5763882279365701
0.2829806891025068
1.6398765997425198
1.024609153253126
-0.2141446211923138
0.00765676704759195
0.6755980078785286
-0.7402270096552459
0.6417116955497706
-0.061554834667065184
1.6558133794925518
1.9796311645606164
-0.03957055960288539
1.5341574734077914
0.776433286127965
0.8410200807596996
1.0976034025795949
-0.28125111009711895
-0.1898143907117339
0.7369476570494091
2.056869915906873
0.8179944995118208
-0.24273187313401218
-0.1221735990101396
-1.0431381669991633
2.285635089213613
-1.078445728592371
2.275845409013563
-0.05240282041112091
-0.2353388873981371
0.6915085353615109
-0.352557714240336
0.6709264005719271
0.5992960912249772
-1.53607108868793
1.2400663184576632
0.9354374427576474
-1.035789577110512
1.4537081711435906
-0.5761122613038158
1.31279371431574
1.1697289623554972
-0.06269716758228351
-0.5682989733808819
-0.4626325034094525
0.9367360967938964
-1.1614223135946884
-1.5194764114790116
0.4377735538789647
-0.6678809930491094
-1.087812174078137
-0.41787119685845847
0.33383179517982775
-0.5600248056220968
-0.6677368654584257
1.0285760211213872
-1.2326056051400696
-1.093781919548714
0.37581426986770516
-0.12166215617147524
0.10863753807453608
-1.6082362887210877
-0.25670149185270635
-1.8238769055104953
-0.33045880046984355
0.16479523919970157
-0.2644671746725383
0.8439023575785792
-1.5850997428825186
0.056019428333643775
0.4366303195929497
-0.910828900056851
1.2842532682607277
0.7927707560849683
0.08183308449309487
-0.2971412091736431
-0.5705360510440077
-0.9201476517560041
-1.0602667765107614
0.7667515693919932
0.618928881173465
-0.4951102691024534
0.6307408577549477
-2.049511466879375
-0.6476092491090961
0.5321201920535871
-1.1154836760067306
0.27264329962750944
1.3868929002568087
2.3221496669884942
-0.7747546426322127
-1.2211858190134801
-0.5774219478825565
0.9624634036384453
-2.3191413205772946
0.08488138997432856
0.0727807474135889
-0.7060528288386
-0.016348107511501248
0.36840316521108485
1.6397962257225238
-0.8224209670366914
1.6551115974173303
-1.4529097707700829
-1.458306901686991
-0.5963381843486425
1.0814081857992333
-0.8755404043017125
-0.047274789417023094
-0.11545852201499922
-0.642923965956376
-0.3341939954151088
0.5955268339851497
-1.1805204454121168
-1.3856967561225317
1.6569780935519862
-1.3474095905275558
0.24611283852542687
0.06511799305134632
-1.633766580544397
-2.277466782856499
-1.1774085935505259
-0.8955214609728248
-1.1454410925330498
-1.332753382568773
-0.903780659467815
0.9864339797650173
-0.41523117928067593
0.5863959903337769
0.7538646250547991
1.5188753368259549
-0.6651820815019686
1.2029154856434343
0.60495276213378
-0.5706559900976265
-0.16173272515038867
1.7588297629078298
0.9750676291136765
-0.5181618835973867
-2.5329334604637617
0.958115501532191
0.7787484664817619
-0.8788088549559921
0.545310388983914
0.38268530169258413
-1.15287799599229
0.5653841062419749
-0.46512912571429127
-0.028385556095647028
0.91141708529872
-0.5406833860239695
0.4441898045032044
-1.3243546868312055
0.3229965047351187
2.0542968999361753
1.2634257726397973
1.2035452333874632
0.7349304371783026
0.5757621109417609
0.950366044178169
0.6488340321685423
-0.3509615412935916
1.1562338728547776
-1.0302120758820577
-0.7020443023478302
-1.026125964389224
-1.1588528048038391
0.9383010802394672
-0.44197294864215114
0.5491670023950063
-0.5800996440428613
-0.8153783421161864
1.643331334029559
0.9884554068084273
0.33503741606412785
-0.4900888341955616
-0.803465112930649
-0.4815097911670159
0.05686900287597597
0.7301906355416056
0.5397389693991889
-1.36438964958378
-0.19852200442282472
-1.0952548026996562
0.31652865082589293
-0.3972940615942784
-0.7573847163888193
-0.047691083499010335
1.1504225070772003
-0.5676908979163021
-0.2799532676004948
-0.028655343805039687
-0.1138007984269503
-0.8064790775763094
-1.1003783928437154
1.5652986281307577
0.04021657140288622
-1.4600092012126376
-1.4808792262577102
-0.02403279615919134
0.7909838625206362
-0.1504703069294569
1.4152118952065291
0.5405984071683565
1.268472465070998
0.04216171654045
0.31255435421945904
0.45446448398028877
0.2240342997055976
-0.6553987597602963
0.4425728961441412
-0.2800585821051865
-0.0573964300218976
1.2721829157001756
-1.1268435297354213
0.6818272922136682
0.2501124016205984
0.28328405861276806
-1.0366517224238951
1.2827766603628488
0.7457583694269143
0.9271817248925034
0.5484333755810108
0.37659385705213705
1.094832959854689
-1.0613582316585075
0.8979304044831877
-2.231249963954753
2.347676189391684
-1.1018014933130014
0.33140690331218714
0.05650073770776508
-0.4058546605022745
-0.24546065111522458
0.594677494063088
0.45674464553873445
0.287868887910092
-0.025678961003823587
1.1611433171180083
-0.44180248442339765
-0.6683443540993044
1.6111026505578252
0.9480133931422586
1.0693418007525246
0.6668602025389649
-0.9401993961475676
0.34630125851170473
0.5040761780881194
0.07897410119017234
0.4125721041013
-0.1768362889492021
-0.9944461212160498
-0.6258522167301033
1.929098928312586
0.49955323921016653
1.6712488235006613
-1.3951731603863569
2.498278301300574
1.2170813794145008
0.17216670287018626
-1.365950784625381
0.439236762531396
-0.9046328540084867
-0.6508299500652487
0.7814091535349197
0.740252999502036
-1.8718608792375662
0.44098463469460625
-1.1502070601939094
-1.0060731273060508
0.007522250946387158
-0.05183486618993687
-0.7569076851864696
-0.013226569789452849
-1.960838649795959
-1.8958569658390825
-0.7677424457931663
-0.40283370981060485
0.671777746780924
0.7422971458984707
-0.5026890904939625
-0.7472738492194756
0.05058467273661582
0.06058685054401875
2.597857454506501
0.13175447302039608
-0.1368552747709169
0.6462152703917213
0.19028809745084097
1.4921982421728062
-1.4525584632495316
0.5907398696033516
0.5350277921889629
0.3404752473344197
-0.046348551431791035
-0.03551390743968309
0.3509825555390392
1.1380340311957742
-1.1975521700846168
0.04454935245552222
1.661373245995257
-0.24260151012668807
-1.3393121249226547
-0.30269705009900133
0.3161883738766992
0.9373772451973298
0.4078008674203524
-2.0218773412470825
-1.5575819338844945
-0.4599405102021231
-0.051877055744947276
-0.6414551616919623
-1.108896535880028
-0.7815415485963196
0.7741313309904078
-1.4676199418634486
0.43448171904949373
-1.364922964918224
-0.13543130678075613
0.0835769010484855
-1.6863581620890438
1.0213667488630547
0.6992709162287288
-0.2605479724423849
-1.5251394784430403
1.0178759490680895
0.533330772917594
-0.41459232182893485
-0.5938212758141279
0.2766474403335181
-1.1346605822580746
-0.021979618455803852
-0.46892683223052095
0.5415088335422992
1.4253893727125035
-1.3471537715201523
-0.31709991539552185
0.6793581608883594
1.3865376089018775
0.7836537742138012
-1.5472201793704277
1.0634147692692066
1.702911889655775
1.1334693780957925
0.015484394326820845
0.9652882071855076
0.21337229147041453
-1.577729704248792
-0.03898926317055348
-0.731161635848267
1.1241825435438622
-0.5695049139972627
-0.7465425506157064
0.6559375727031512
0.5432348108571483
-0.8751833791643598
-0.9710795507027457
0.03571466038315623
0.720091363575474
0.5324174878559679
0.8514200661548601
-0.011812101278520575
-1.4831723817150426
0.666060119435648
-2.5905977385055645
-0.02744567508006537
1.2252060888561427
0.5040801537947355
-0.9938297962896615
0.2664280393918191
0.32303553058496426
0.7734204072561393
0.7939749806501535
0.7215590934583251
-0.45577042650344335
0.16292382482998063
-0.020988338930321253
-0.17964751020876707
0.7585669926592347
0.8884836748918523
-0.7246568350557664
-0.6398297255018464
0.614395795557883
0.17122051673389893
0.9779213131588479
-1.2986833332422374
0.08535907671568824
0.26735080476452006
0.6638548561296029
-0.029033109813122758
-2.3090688897866194
-0.6247931813599347
-0.47097711038356754
1.486353498283574
0.1904841257109883
-1.8789963469824307
-0.4606745180853238
-0.02411074086036127
0.5900606938950357
1.276279469278353
-0.9469650656134777
0.9731881139322497
-0.9399508301232093
-1.0035292804620182
0.685913019966731
1.7567228765585994
-0.3573889867280382
0.526366055857874
-0.21360001603964615
-0.6308104183216169
0.12328244744075287
-0.8872703704712644
0.909374341438402
0.4709051906366883
-1.3938520168522968
1.3742915432820817
-0.4962996535904168
0.32123044758615904
0.6853549890794958
-1.2551854580277564
0.8461696504231095
0.9521015795892429
-0.02710165098565443
0.07530136380461884
-0.25159374167003906
-0.15779816188258988
-0.9244776072707478
-0.6066426812611182
-0.6808049190716342
-0.1782700569824741
1.6723940378170918
-0.5233871258073636
0.19979736361512648
0.05046264968137479
1.1909981636402729
1.5992335098123824
1.5495097868760617
-0.7457880034456655
-0.5736497093708156
-1.1401243800258127
-0.11380496322136817
-0.4465198109408951
-0.26421595795992114
2.158789894101137
-0.47600795114738365
-0.46643684838631383
-1.5820045942021612
0.07767293212999533
0.17658466915078827
0.8061206301478138
-1.0555695049602885
-0.1517764178701267
-0.871782132176027
-0.9978618908484065
0.04510922775735459
-0.7217691409593355
-0.022420401871551157
0.40233218188258435
-2.319257171516731
1.8340174301942243
-1.3090819410359313
1.7194805030536537
-0.7672630191706253
-0.17960448387209282
-0.531370105947437
0.8564102514045535
-0.4481623226775575
0.8067927369065919
-0.11061770907342552
0.013760699815700932
-0.08862581270995663
0.8282682391723322
-1.8393717100243039
-1.495683157129658
-1.634190429991615
-0.7464844480987121
0.010634523244367382
0.291922647914101
0.8085645431990355
0.3559688914302579
0.6051948091149697
-0.7671859438309764
-0.36715646651901357
-0.9915782631146959
0.9949166596948319
-0.16044504646951666
-0.4090064813575894
-0.4230397807116349
-1.345309079844076
-0.2765845399780288
-0.04874892228713864
-0.14420096338734872
-0.12963821498905903
0.06334107577939445
-1.1489599892708822
-1.1981489385684723
-0.23924076860971596
0.18106214399867668
0.9699486605003953
-0.11306247907801516
2.142268186637729
0.7304133699836403
-0.08129610889614035
0.5787963327967957
0.178810821862527
0.008028267485163755
-1.351532470656436
1.3172885775299108
1.2129963530149446
0.7213179522799948
0.17017165976609258
-0.1604969180143303
-1.4533719753944863
-0.13638909477488134
-0.9906643575153387
-0.08188950071669882
-1.6450228097574224
0.2469975818228381
1.1081946078758553
0.31341144770298174
1.8761062973710703
0.15366279398665897
1.650165847113866
0.5492179739291765
0.005056295170847278
-0.0949679898331449
0.12345842638301359
0.20074085647847867
0.6979884343602196
-0.20489342029393756
-1.804841151414609
0.6256084695237085
0.06929432886110454
0.34358636925721336
-1.5501624538418761
0.7308254507383973
0.6770097719881955
0.49103163311700726
0.7015414121901892
3.067107088578853
-0.13521289990011043
0.595698722320185
0.4450780597403082
-0.35793802917839695
1.1178938570317938
-0.15428123864426943
1.5541911890921245
2.381830236700442
0.1329817476737423
0.3215913881136144
0.16568764935571179
0.5542404098457747
1.2152185967714295
0.7909100324347575
0.34461983543926145
1.5177437267214444
-0.6598413877468323
1.33073838771933
-1.3382252484281238
1.3427752437745752
-1.108140287043454
-0.41582216645607867
0.684494906107943
0.6599800913081341
-1.1822935923975875
-0.015966232281202378
-1.1915267351386098
1.0643218381273067
0.4891942644597382
1.1724070245207705
0.2098076943204845
-0.5497796646640528
0.947032586152374
1.604575050028513
-0.6792302732431067
-0.5293355607200545
-0.5075653359958431
-0.8995360778927342
1.6508511456291097
-0.6811226574889154
-0.07732352848077521
-1.3855885998075996
0.004983385528122169
-1.4726685061730371
-0.9447366595747937
0.3187543558095693
0.8327864579716163
0.3707696524132149
0.5775704668669428
1.5131651359518077
0.3455917018402098
-1.8968214279587445
0.5038751839677796
-0.5250817184377274
0.23011796405203402
-0.631896994244939
1.0591599456919099
-0.3706385398907846
2.1738192736444146
0.41642534526765596
0.3495564324516341
-0.10180140151558
-0.10006432073299971
1.0110529273137452
0.9022977766263874
1.071912691777015
-1.2849760642746246
-0.8183475254448974
0.373109389619135
-0.4198837142897836
0.5820003657997781
0.3301147137669633
-1.0921312296096315
1.629314807376439
-0.8867870204267109
0.13340463851867945
-1.2560014209650565
-0.10528931045738224
-1.6620066896163104
-0.6253376402738362
-0.27007600221078243
0.0112422115167956
-0.385961197796326
-1.6002337307507628
-1.514514862412294
-1.3863933104268633
0.6595449253027073
-0.24971777998640685
0.4838947407860154
-0.005519993473077332
-0.6763223602770085
0.224872309559706
0.6716674073821217
-0.476025664090288
0.5642036130983261
-0.04855327065270299
0.11355101031254607
0.51095371965142
-0.13421417244112624
0.41095866312648777
-2.102745794431201
1.0742616738110922
0.46715225432930524
2.205172033920448
-0.5253679565233225
-0.41557200361183055
0.5336866510619105
2.1896134127897033
-0.7077326874127092
-0.15408410661823618
2.2997040204094885
0.7579923311912404
0.28947217442822804
0.9617917814571464
-1.1797285631747207
-0.11869673568396849
0.63918408550953
-0.5932266308705024
-0.39646779419804656
0.08807419904425823
1.3234787985561796
0.40893300124883103
0.15604207277871537
-0.5277310450829851
-0.017931523736583754
-0.11908578263475253
0.13986778985436413
1.2126479948425426
-0.49247955180373515
-1.0476802176016837
-2.63904544589516
0.6860493012656838
2.029506534690609
1.3373686787039805
-0.5698224440893851
-0.340855755568441
-0.2786091685836209
0.46223666184432693
2.2318742818808626
1.0949454450161458
-0.1634606546258197
-1.2235746617823586
-0.8467156115929617
0.6100934965626627
0.12015026432120766
0.04673350738457616
2.395403010869361
0.5602694468805994
0.29968103129950086
0.5073170851877571
-1.52192401936832
-0.5423910719713717
0.21355701582792078
-1.2497058164805155
-0.41009593215687373
-0.13681890129383636
-0.4788564803351919
-0.5315933788494709
0.1287868188974076
-0.21288149296926154
-0.23377994868224983
-0.8304104945856626
-1.166379046622859
1.7845410132773831
0.9983875833853877
0.17333550663375097
0.8348106118893343
1.005630390814581
0.792226013199345
-2.0252658368715415
-0.1957853429946231
0.346200445169722
-0.01669692624835721
-2.9001384792696845
0.3762277550697367
0.7248735520712675
-0.24134938914201234
0.1620276644050714
2.14729047862225
-1.0433692112893704
0.05354351820398441
1.3872479024868627
-0.6092834615203141
0.054493729433386186
0.05771649843188638
0.5734518519040925
-0.6495765985523339
-1.380649787519721
1.006331891840323
0.5339879836246764
-0.022370222312643302
-0.09186948374005018
-0.15205895792158597
-0.27873451067433835
-0.1696858482141617
-0.7364856811088026
0.6143505389982006
-0.11637817747859376
-0.3012253404990471
0.16988411998361863
-0.6738224441889931
-0.44876867358422096
-0.6361520144145109
-1.1261174500950313
-0.15463222653994235
-0.9438737309432877
0.2371428651036395
-0.9833116415368477
0.047164396326113446
0.04902056005855487
-1.8369488747446021
-0.44076547759601153
0.055084745989435156
-0.09946017996336835
-0.5144316301761371
0.46841591724945414
2.7761349917120848
1.0447333562603673
-0.782397406806807
-1.11496427373927
-0.140805322984081
-0.0810121797510075
-0.4793032091776009
0.7439501249434131
0.3270391538885574
0.7211413616272201
0.32853198815443585
-0.964256299916976
0.6033215278430243
-1.369096103957654
-2.293429085855182
-1.1084865048786199
0.6415429854839524
-0.4733019218183854
0.10412098476333824
0.3138990013256195
-1.349429031712768
-1.990146655823314
-0.16172249018359885
2.0733143674997994
-0.07619358728585149
-1.0408321391371211
-1.1833656334050657
0.2833088606870389
-2.5082036932722285
0.8423307723905886
-1.343875760517151
-2.3518942048183127
1.4168000180780083
0.2723041405076581
-0.7172882780579154
1.2044839658728135
1.0516167875753997
0.41470223522125693
0.1586378155103026
0.24404519116896456
0.5285288083341716
0.4465279592470819
0.4641128057058714
-1.183346042675731
1.7133836216592815
-0.16557750817786296
