59.916446757385124
58.72828494795501
25.28777059265265
18.508381040051113
50.06706840765794
33.11869169201852
70.15580998959037
63.181800515461575
62.44197947442031
43.6073919136848
58.56216451441816
20.67823009621496
51.85434092902925
59.5921251069239
27.842164219541665
70.00285829319607
30.816241310977265
52.62396041405514
48.388833032619
31.641343114531328
62.41824070749515
61.97072267212954
21.39042549465251
69.89946558247306
46.76361943627477
52.09903125900779
56.70572495484518
42.174189333992565
17.117702970528647
55.505634122848
63.17377122422513
29.521029193020105
29.522477462241813
47.02060792580773
30.333596060878715
65.49513152162623
35.3276163448235
32.77206679351886
68.39408237239226
46.42608545821875
28.922096214214864
49.08988386760704
67.48634901342469
69.34901117929175
61.89023258877631
64.58963076507935
68.3372366033384
58.16121846221613
11.064513566108737
54.41431643994504
64.01126881855352
67.75027829983951
27.32633590209567
48.4428792211209
38.0705937838358
21.85132001173676
38.81432515665439
26.312866524563116
40.05500236869452
39.15364720158861
51.65395597918392
63.368054052817044
48.30102048399693
65.36592520324731
21.968677141437908
45.0033868808763
46.62108766249158
50.5212397286787
56.12919538986537
53.22054859465691
61.18035867041309
34.162194173055546
13.740864012525975
20.60414960961413
43.248036919627836
48.40311672523956
43.27066018590414
41.02305559020098
61.547692078281926
43.781124920481886
69.55401696012905
48.362045492091326
22.003625454625244
39.37837223529505
28.138718219970183
66.8851951217062
32.97065078538666
28.661384353444124
11.384030246643285
20.18804013274621
56.53242570073734
56.05889691983751
55.98552087804828
15.368408832202396
27.401893809319645
66.15146359631923
45.335677503936196
54.8835098757124
61.93221786997576
69.98183102033771
33.060016712774626
50.88186824050648
40.591775511892024
53.32815142220723
66.47725247382972
55.282177492413396
47.446087016259725
60.226545358232464
57.29620934473726
52.04496738361206
10.300325778081787
53.31835795186489
46.57637865431236
42.900584897133776
67.33843833887096
56.77640502467492
50.657363420510606
59.939182709650396
43.2366075345917
65.55987024694797
45.33255205629267
24.57530260877657
55.27399167113599
46.422918411815196
38.247966942518396
29.649561682995717
55.08433744481558
24.63073137241305
33.583910261766825
7.032626294079589
32.07659653259386
20.255862831373573
49.6324990574743
49.880029263818024
58.72953059156604
24.608746282897087
47.20986899398606
69.46324624160492
26.86739142606592
46.44694030728718
66.74947913148021
62.229998667363404
25.77519549066316
66.23590240359924
40.562716837194984
18.063154509275712
55.23036224002612
39.50545072742012
16.300917304528483
9.585798697143325
57.31520429673459
44.43872206580169
68.91356757411413
50.098337575997895
54.257579191756875
69.85961345472725
54.955471987707604
59.86807826244049
60.026674423990045
43.50266443821222
39.61875535750657
29.150926177161924
2.5473812506588174
5.00451091698238
30.768609434513277
24.44702939648785
49.52350711133325
70.3334440957784
26.591301795440046
26.987039653611415
49.14070516327713
21.444982883552985
53.64455269983988
62.49493322520833
45.78515739975429
35.098500659363694
68.22838690482153
62.91998457501429
49.563720290711174
48.90904006435321
24.950419678026766
40.92177631425296
67.14186048571386
53.830622953001885
65.0922394029681
32.65603306636202
28.494058256923598
56.51794209237344
38.78401275867181
51.39522258242049
35.97070399075308
38.60673901564316
66.52175009511055
68.92853448810104
52.12907801514487
24.361047711688375
47.98598659490178
51.99577767849941
44.092373707653124
69.6170608474372
63.99254333165778
54.93780770662385
61.52388641087022
60.71615038640641
63.693220550448046
57.20097001473987
67.45960260012315
63.81578880815392
42.606050245717086
45.226616242710186
34.839824582888376
32.86851884395321
26.92641970177554
29.880857213763235
48.940588970059025
64.97554753233318
52.9440781108412
55.78270274180951
67.37352429107304
68.9244216820363
29.66208971828702
55.975852080536846
51.97242978783908
47.683222267228025
40.29142403346648
62.148025850471946
69.57085633854277
52.392485521379314
20.216366910232203
42.67877319358842
70.382958130682
24.352084411334395
40.57916329709137
53.9028967851924
24.940635097778017
66.2917153900889
33.77564026453818
62.28681904370139
64.08333212250596
59.538246053816515
62.45135539943677
46.914181793327124
67.32799352866472
69.5856922356524
61.099405911136216
13.07446447594654
66.44478170783745
64.35800058234712
60.19961042990695
54.531820934951725
56.71671294279861
61.52582915633824
20.86027858613114
40.55084616493916
68.51366379133695
47.222871925128196
56.13732306031515
41.74720988762666
40.1790053011003
32.094936798164916
32.340170973692665
45.27136828797097
45.38030779070101
32.53112889918005
47.655184436397114
19.79713278075931
69.2237303659236
33.80216540372611
69.8629902465293
52.50843589757241
61.54516852572347
66.69015724108024
59.305563550882724
35.925898501048984
51.012179662230864
60.64472186711446
40.58825627763205
44.68046343128462
27.810230749232552
67.81062463562861
45.8783482854699
32.761375638075805
39.89979143546598
57.1268019132783
65.96535702848263
17.585929871781893
41.38824678779013
66.33150222525117
46.9902571869596
44.16430729076053
42.763981650562975
24.453969434870324
63.587171069285084
22.341504792587035
56.99804657365417
54.02781316209997
23.99970526995468
13.236381854664398
43.75479884375448
67.22864845347726
6.626564587994592
27.143076927732622
55.712057977026966
65.99099507927941
63.32656058781306
60.19917358674818
56.030202012252964
60.09986523375503
29.093110991875506
65.11417972307349
62.33351772575561
61.26774991212564
67.76890431457024
69.57404523471845
61.27947560056393
69.50385306784175
64.14557256973606
16.67973606448231
61.30355863962329
38.83280638706422
44.714657374350274
47.74625086417378
43.14912775614192
51.546608961299256
67.88741249452505
57.749730848829564
14.95679881515947
42.92831581935192
20.922235349844755
58.57744145338485
52.981911729663565
27.57527043908572
64.43932952506792
61.00302949225651
62.57616002195937
35.49480984798053
46.770460919765945
63.03463404324133
40.07209328546484
33.025874332084314
57.10811550199227
6.387152580219866
46.787744962388985
24.289403367703144
31.187242007591852
45.96386959485865
50.426578005919886
66.87231061082048
66.07740796323152
58.61478676050936
35.81199366088351
65.24495111114295
35.63180329937694
68.28689518014262
69.59649615543441
26.887349794875075
49.271767057076666
56.80837941443267
69.55647267755671
70.62978376204106
40.42767946203505
29.12595604184555
35.58023859087813
49.79598734040388
66.83930993568356
55.03115241826876
70.3340055508982
37.73047696670623
66.04502722952974
66.31512984480885
69.43727400037628
42.7420704778551
40.77491021732532
55.37772035391269
57.12529187457211
49.602158327582735
48.99531725498033
65.97498230676659
68.15961596774727
39.67039102490629
46.1084793443286
63.20480632353218
49.89264406633425
49.16289777824921
44.551246875696386
47.385262672319605
53.13923130708703
8.338759809519496
69.94645421380807
49.56152709614848
29.26228517066881
21.75806945112972
58.20515898654154
34.93060646672765
67.33826815228029
15.602956677495483
48.45198388981539
6.330690338112086
55.44427045416063
67.18147140981584
64.86515300112569
52.1521112253964
49.13450058661353
22.051736672732996
18.051411343446237
31.52329142986704
68.41153388782993
43.91269325489404
50.51709627527586
20.275532747204544
68.7855618420914
39.657578445098764
48.91064419437087
37.280533444846625
35.25993510793876
62.05997975421749
29.18511442028644
47.96576122318601
46.83900489920018
24.819970825955874
52.35093570201489
63.846214829839866
14.018317280663267
12.465678951767131
54.320367275480095
48.98749732748954
68.81153442675547
12.056852469130217
49.891755010257015
57.274340842066096
62.15958966916821
52.94614155806053
43.83032706301832
58.59133994943959
31.210703455365636
66.64447152804256
45.75357113438709
33.909398880836356
65.4876191684401
57.28368843854393
66.34305120840342
42.95916656321439
62.272211838617984
49.44745288715875
54.04985543021578
44.871317898023975
57.59608425288981
61.50797917936279
66.00650501013399
32.9865921193796
27.951272467766003
53.09354256887505
65.23207606919216
37.82601619869697
24.60032171854986
52.15965739110137
69.17103295917603
17.521138460676998
42.973325568809514
41.37641701608751
62.954051989029594
67.84441974337983
54.219151982287194
57.438344869042204
40.03428281662587
70.11849151079305
45.69002897733093
65.00596043008271
53.34080797967775
69.42234889375024
16.611909360510754
32.76999528039071
33.8803028937175
50.88136450560747
67.30182751965249
29.482377649038426
58.358779442275946
33.473288729995424
69.28750265515875
69.40430928110702
59.58322399169167
45.501727867791075
62.63885073558944
20.32734385071852
36.76190146046923
66.925975530686
41.13178137663353
67.691475341266
55.32392316897805
60.07083585680532
61.66606021751334
57.72821645617591
67.10737805387981
23.999610910062753
65.69884955010299
60.67615521658269
46.93315271671884
69.50378295638856
29.227230405343313
41.923045979158665
16.518948520854952
57.096331407332556
46.300453920395086
58.69768868412131
56.5826659351716
54.479994570757576
33.535807829633676
50.02517383847186
69.26947198958187
66.44942421714435
61.386469438141965
46.83417830190299
52.139845130212315
52.64417766403028
66.79659958222818
24.35458593147257
65.8644430090719
18.555943708371622
70.00398904759486
59.66927062938975
59.68111325360109
65.11537664392574
65.37665639993148
33.8040887800677
68.14426481950979
20.608918884822362
17.267261454334147
68.99773915478335
67.16031783824897
64.48112623077749
8.092225718175996
35.702238503920704
70.56977383393883
27.497397567146564
68.4761314566945
63.278151105229476
68.12767949224818
23.17272130473604
56.73225270591221
58.89084074731157
23.46264934542503
65.61532457367328
53.26546053516292
54.45641826439024
16.54257820372771
31.726462471083476
69.91635386665158
68.13289516855883
52.666082076478084
62.2109883917638
39.76830347535175
52.076396046295685
66.00586384552724
55.37200274217062
32.09875491210084
39.59601387097625
61.56500798028788
64.9328609633738
66.88110594950689
67.28522816990396
63.43715831283626
29.812576313410737
66.40625246038468
64.83179554272739
61.17200079703444
26.334784284747258
66.88392374855503
41.00501408290295
66.04836053737904
30.959718110375178
11.454957776660022
20.09029971417255
62.3867682552117
49.57673378062108
51.66680546814179
60.03690415014298
13.615868002576736
56.5639930628772
56.195063792047485
48.56312100866616
42.262942131256324
61.29089272627053
34.52534217314824
35.931148796595004
63.13976305150931
41.394190784669334
33.56317999878801
59.945825143289376
43.642135469134644
31.002708467793134
23.14390936708616
51.0585659497568
31.284117308704573
49.598116798971624
51.16536637895047
56.04944765832346
21.908689525149764
57.051100205317695
21.71867672290902
35.02228478599997
64.7166378342442
52.90089048622135
57.309535145076694
63.69707983558932
35.45057544533463
69.39008741304372
58.148111678313875
48.556342217020486
48.83209698947301
56.481255304518704
51.47195523054465
20.906330994291977
64.02766134873018
58.52333509990729
55.85783549145005
50.197475875830555
59.714307121091835
57.61925827337188
70.47860364488997
46.49528671247362
22.525720299239246
62.66109419965237
18.04383043843191
50.60469776887785
47.20741671790691
63.98764945323572
62.43827065848053
53.080003455114976
67.65678707145622
18.35336897178106
20.302776403062282
35.775396921455766
15.156410744277046
35.41888359021302
49.91330165431093
12.351485341025645
60.45723453402731
19.178629454357115
29.97923639633564
69.63848752959728
60.30754210386042
36.985289085092326
51.30542340947321
68.08887778680376
44.17457873462511
24.871611806157887
37.243308944300395
52.06371818336704
37.76803437284579
50.38978101274723
56.183626202671796
55.045811948363664
29.012252355331043
26.52321774090549
54.113565063403826
65.79573342466564
53.65970742720092
47.628195458245855
59.51504552184953
61.21481661242524
44.231875212684535
23.59091830275169
67.42928962858021
66.1469893292337
26.652797061527533
61.42778393568301
45.17009529817779
43.16982084493593
48.73589974044193
35.28768856095473
32.454632607567305
65.78020871962421
53.96255726220828
57.99733336773071
50.97454696868328
33.99669622709398
64.50013784511145
56.78532627294685
66.87004767604424
44.4255655273513
63.60167737545789
25.587263306522917
69.34504924789599
61.75280419481221
59.19205103526922
38.6384225147952
63.731056761599426
10.582397279375174
62.709393445994564
21.35423414126368
28.141367295038982
66.85255650127611
19.767266376125306
35.025970658398734
16.3949101759722
68.6306538265984
57.549279195544656
46.23021712536456
60.894770222467855
29.081095626835747
15.365006399598032
59.98397627884344
30.989654405162277
69.69287020649698
43.91323119066128
37.47906728316978
52.58967819849821
68.96268406602218
65.67669868977892
42.0422077725143
56.00694116012593
45.850817823718224
22.659798837031623
35.1014324933489
15.394845692202615
70.08849567495291
47.5185029400338
43.47631095362844
53.17400027369118
64.13988133968328
64.90128077840211
69.56794893448696
46.40633448515642
61.73210463304465
55.44411998591773
29.463709379472984
56.83498387062428
54.18449919011012
56.13023135982659
22.515751366867608
19.815456982358697
40.218088010286955
62.354760731353544
70.46374217970829
28.109159368477687
61.22356974844525
62.54789085590738
63.2967978296813
58.19990771710284
55.520334084174664
56.236582880507754
69.06538985143644
13.792441791757092
49.758259158961415
42.20857101325134
37.4235084058479
40.86237443633857
53.326594007245056
62.318888042483486
39.62177201792975
37.17197323649665
67.70542352127778
56.61419314347692
47.759233224270226
63.30199437735106
9.272780226738291
65.07248043459116
70.63862809255275
39.59127705676487
58.93415156200439
42.357602074642394
21.02202136418545
57.4273656965323
60.56599682267115
46.05153778533318
37.49999685540117
51.34902437577751
43.91188678971915
6.574434136627409
34.26798156577983
38.12075000117321
56.91753565389684
48.92845033849147
7.513543652076413
47.32144994308006
66.66495173297697
11.834435279056226
21.36509009879862
56.39220002479923
64.58205745364423
6.386660241146962
34.951397552862254
34.06824236061106
49.60037263248002
57.51222723678375
48.31681528040485
19.08160313852978
18.053373807189153
49.3470255202523
52.3153426800403
44.277779991125165
47.20984006768494
60.72229060685317
34.244603580300364
59.780144682629455
64.45188219688009
42.05589209147905
67.92432665790726
58.858154078624395
34.53290623169637
67.61800845911114
23.325612222554383
57.91535787072395
57.13312531840593
53.7116495377218
26.82375282950605
48.685533110468825
64.22244099810807
47.90553473277664
16.588106232834864
53.112578797756235
61.24404392594498
54.854542391014775
69.93371313085864
41.67264341843287
46.517138331994055
63.385310341384816
59.575032414018395
57.525791460106646
43.20711464299301
30.56128706523595
58.85086852164992
49.155420991224624
66.9915332786158
14.480595507819258
44.41429977289303
70.51465697699979
66.09365120865678
19.597344339610032
13.587049625423683
70.4797097490619
33.71077828432006
53.689069033874404
37.92569847985157
43.2261712432622
23.3949238696825
22.310049220193626
58.00695110421164
69.05695109006224
48.930089733578356
32.52989247410845
32.87355527423341
26.867402117818056
45.63342738451793
40.70837223799
10.629645865200338
38.682358420503434
58.34913016674725
58.812548081028815
30.553012875924175
61.12458366579101
11.458095064002459
69.5531035183306
44.233390514078785
52.29031430397932
30.666391535812167
30.85453354994019
57.906707686924044
15.314427355890068
55.14985978775585
43.11518219139851
62.33432032549629
31.1543691632077
46.27978090802488
69.14130456212693
29.516904922322677
65.82482713034089
47.646035835268194
66.8855716668422
45.21328591629727
1.6631582305290622
18.064232924747333
44.98687101412672
66.52416668372085
58.95658019890231
55.42740653231534
54.745647240463434
50.3984559637397
50.80213569815092
37.86187001727149
49.4001852867435
68.11965529490664
61.167729234417145
27.23916951314177
40.080440451480925
23.467474234885852
56.160801711756335
70.50711888966023
62.30866477738045
57.182408289759266
67.66616365518541
38.45714658291712
44.37654763105381
68.87991059087125
11.391404629296964
55.91928776730726
35.489152074394035
39.99808489902298
62.53391181781793
62.166397879084364
59.45060435703944
65.88755574094733
62.881816279812874
30.461057695546263
55.87641771484658
5.967067497045537
21.016627403753077
14.736285611240277
56.47734756425585
69.44814854855395
50.10246297124758
69.15691103752079
28.22964107003083
62.7261574483054
38.21200452934475
66.98891528199172
68.51767406591979
45.755908885851
31.07804038231424
66.93710055319205
61.479769180877284
67.25011696369106
57.55963354810666
38.00592522198119
60.70729012209218
67.24438690362273
60.54126127171092
59.52004850789795
61.06420925234006
40.58895041954228
39.717929252431986
19.292129557694043
54.131692210274274
26.354751526033937
64.3282914620208
64.03489519661892
14.509972765178722
55.40764720819179
52.3825891912559
41.30891616636008
46.98749845216145
58.42781819080392
33.87636746941653
67.30345286069792
60.017081917145546
15.436125831467212
55.79049564244587
60.605200628346815
61.59160970126555
59.493762440765806
50.98911496784241
45.43332015850441
24.280532167387737
62.51173193790991
63.713371013717456
62.1097642749943
20.4889841980438
63.36303988391797
14.66115928988551
31.767990451901568
30.319801017053226
55.82723247403118
20.277197692727217
9.134630479378538
30.19523804218777
69.40969961175449
69.02059911143297
65.62505563168071
58.18721206835025
40.15309362086818
37.683150671595584
53.26865557002892
37.1514482495917
10.597045627125398
43.88601653858331
31.246082545618542
36.46213930027761
48.60306579815357
19.10518174943374
69.56926042822856
1.9983732440415847
55.89985521639095
70.66236569476094
33.802618968519184
16.163170703858427
69.40911118179052
40.388714563448545
50.16628899299852
64.05253953410246
38.280523543263236
28.29323575417611
53.81848877292648
51.739961848065754
23.343065052362245
43.24733516893898
25.51909151680265
48.28673173083982
47.196959426992144
65.56862600277506
9.350975858544777
