5915
41510
290675
2034830
14243915
99707510
697952675
4885668830
34199681915
239397773510
25735005295
180145037170
23478203260
164347422925
325407255890
215289029610
269486150340
236353643105
4426092460
30982647325
216878531380
280612662730
314239229835
137112847225
134765225990
118331877345
3298436830
23089057915
161623405510
306339133985
81812176275
160172881685
296185467210
10736508850
75155562055
113576582145
382523722775
202591945460
180606561290
26708872100
186962104805
71197676705
85871384695
188587340625
82574327445
165507939875
333530874540
272154360160
255031111845
135168373640
121153910895
23052671680
161368701865
304556208470
69331697670
72809531450
97154367910
267568223130
222928152635
322960011515
198158318985
149571175965
221973527170
316277633260
151381671200
234646993815
404991899775
359869184460
44010177255
308071240890
93936924610
245046120030
65273430935
44401664305
310811650240
113119790060
379326178180
180209133295
23926876135
167488133050
347392226765
369183825735
109212666180
351976311020
401272415520
333832794675
274267801105
269825198460
238726979945
21039450340
147276152485
205908362810
203821482740
189213322250
86956198820
196181039500
135730219570
125086832405
50583122250
354081855855
3498877020
24492139245
171444974820
375090119155
150556720120
228872336255
364569296855
76910964020
125864395900
56026066715
392182467110
270203155805
241372681360
39559360245
276915521820
288359243465
368465294980
104182950895
316768304025
154816366555
258689861300
160779619825
300432634190
40466677710
283266744075
332817799250
267162833130
220090422635
303095901515
59109548985
1254490655
8781434690
61470042935
17777948305
124445638240
46094763095
322663341770
196081630770
135034358460
120215804635
16485927860
115401495125
395298113635
292012681480
394039361085
283201413630
332360486135
263961641325
197682080000
146237503070
198637816905
152927661405
245468925250
68233067475
65119120085
43321488355
303250418590
60191168510
8825827330
61780791415
19953187665
139672313760
152681491735
243745737560
56170753645
393195275620
277292815375
291000298350
386952679175
233594640260
397625424890
308303860265
95565260235
256444469405
145061876560
190408431335
95321962415
254741384665
133140283380
106957279075
336188601285
290758447375
385259722350
221743942485
314670540465
140132021635
155899446860
266271423435
213850554770
259416826460
165868375945
336053927030
289815727590
378660683855
175550673020
403830006555
351735931920
399589761820
322054218775
191817769805
105187331705
323798969695
204031026245
190680126785
97223830565
268054461715
226331822730
346785702180
364938153640
79492961515
143938378365
182543943970
40270550860
281893856125
323207583600
199891323580
161702208130
306890752325
85673504655
187202180345
72878205485
97635086155
270933250845
246483346640
75334017205
114825768195
391268025125
263802061910
196565024095
138418111735
143902077560
182289838335
38491811415
269442680010
236049350795
2296046290
16072324135
112506269050
375031531110
150146603805
226001522050
344473597420
348753420320
378712180620
175911150375
406353348040
369399322315
110721142240
362535643440
62675390115
26215378565
183507650060
47016493490
329115454535
241246420125
38675531600
270728721305
245051639860
65312069745
44672135975
312704951930
126372901890
59585608645
4586908275
32108358030
224758506315
335772487275
287845649305
364870135860
79016837055
140605507145
159213845430
289472213425
376256084700
158718478935
286004647960
351983126445
401320123495
334166750500
276605491880
286189033885
353273827920
410355033820
397411122775
306803745460
85064456600
182938843960
43034850790
301243955635
46145927825
323021494880
198588702540
152583860850
243062321365
51386840280
359707882065
42881060490
300167423535
38610203125
270271421980
241850544585
42904402820
300330819845
39753977295
278277841170
297895478915
22706590785
158946135600
287598244615
363138303030
66894007245
55745698475
390219889430
256465112045
145206375040
191419920695
102402387935
304304363305
67568781515
60469118365
10771476315
75400334310
115289987930
394517563270
286548828925
355792393200
15472638435
108308469150
345646931810
356966761050
23693213385
165852493800
335942752015
289037502485
373213108120
137417642875
136898795540
133266864195
107843344780
342391061220
334175666920
276667906820
286625938465
356332159980
19251005895
134757041370
118274585005
2897390450
20281733255
141972132890
168780225645
356436874930
19984010545
139888073920
154191812855
254317985400
130176488525
86210715090
190962653390
99201516800
281898265360
323238448245
200107376095
163214575735
317477325560
159779517300
293431916515
403974006330
352743930345
406645750795
371446141600
125048877235
50317436060
352222052525
402992606055
345874128420
358557137320
34825847275
243780931030
56417107935
394919755650
289364175585
375499819820
153424624775
248947668840
92584272605
235577555995
411505835035
405466731280
363193004995
67276921000
58426094760
408982663425
387804530010
239557596105
26853763460
187976344325
78297353345
135569121175
123959143640
42689300895
298825106370
29213982970
204497880895
193948109335
120099708415
15673254320
109712780345
355477110175
13265657260
92859600925
237504854235
12484570370
87391992695
199231596625
157084119445
274564131530
271899511435
253247170770
122680786115
33740798220
236185587645
3249704240
22747929785
159235508600
289623855615
377317580030
166148946245
338017919130
303563672290
62383944410
24175258630
169226810515
359562969020
41866669175
293066684330
401417381035
334847553280
281371111340
319548370105
174276829115
394913099220
289317580575
375173654750
151141469285
232965580410
393222005940
277479927615
292310084030
396121178935
297774138580
21857208440
153000459185
245978509710
71800158695
90088758625
218108958135
289225650015
374530140830
146636871845
201433398330
172496731380
382452415075
202092791560
177112483990
2250331000
15752317105
110266219840
359351186640
40384192515
282689347710
328776024695
238870411245
22043469440
154304286185
255105298710
135687681695
124789067280
48498766375
339491364730
313877791490
134582778810
117054747085
406870877355
373022027520
136080078675
127535846140
67726218395
61571176525
18485883435
129401184150
80783584465
152972739015
245784468520
70441870365
80580740315
151552829965
235845105170
866326915
6064288510
42450019675
297150137830
17489203190
122424422435
31946252460
223623767325
327829314345
232243438795
388167014635
242094988480
44615510085
312308570700
123598233280
40162928375
281140498730
317934081835
162976811225
315812973990
148129056310
211878689585
245613770165
69246981880
72216520920
93003294200
238510707160
19525540845
136678786020
131726797555
97062878300
266927795860
218445161745
291579075285
391004117720
261954710075
183633561250
47897871820
335285102845
284433958295
340988298790
324356329910
207932547750
217990777320
288398384310
368739280895
106100852300
330193613860
248793535400
91505338525
228025017435
358638065115
35392341840
247746392985
84175341620
176715039100
411980569115
408789869840
386454974915
230110710440
373237916150
137591299085
138114389010
141776018485
167407424810
346827269085
365229121975
81529739860
158195826780
282346082875
326373170850
222050434330
316815983380
155150122040
261026149695
177133638590
2398413200
16788892505
117522247640
410143381240
395929554715
296432769040
12467621660
87273351725
198401109835
151270711915
233870278820
399554894810
321810149705
190109286315
93227947275
240083278685
30533541520
213734790745
258606478285
160195938720
296346866455
11866303565
83064125060
168936523180
357530957675
27642589760
193498128425
116949842045
406136542075
367881680560
100097649955
288171197445
367148972840
94968695915
252268519165
115830224880
398299221920
313020439475
128581314705
75044498350
112799136210
377081601230
164497094645
326454957930
222622943890
320823550300
183203090480
44884576430
314192035115
136782484185
132452684710
102144088385
302496266455
54912103565
384384725060
215618961455
271795673255
252520303510
117592715295
410636654825
399382469810
320603174705
181660461315
34086172275
238603206030
20173032935
141211230650
163453909965
319152665170
171506894570
375523557405
153590787870
250110810505
100726264260
292571497580
397951073785
310583402530
111522056090
368142040390
101920168765
300928829115
43940042185
307580295400
90500306180
220989791020
309391480210
103178599850
309737846710
105603165350
326709805210
224406874850
333311067020
270615707520
244260543365
59774394280
5908407720
41358854145
289511979120
376534444565
160666997990
299644281345
34948207795
244637454670
62412773415
24377061665
170639431760
369451317735
111085110180
365083419020
80509819175
151056381985
232369969310
389052728240
248294983715
88015476730
203595984870
187634837160
75906803190
118835270090
6822186045
47755302420
334287117045
277448057695
292086994590
394559552855
286842756020
357849882865
29875066090
209125462735
226341182215
346851218575
365396768405
82703264870
166410501850
339848808365
316379896935
152097516925
239657913890
27555987955
192891915790
112706353600
376432122960
159950746755
294630522700
412364249625
411475633410
405255319905
361713125370
56917763625
398424345480
313896304395
134712369145
117961879430
708451425
4959160080
34714120665
242998844760
50942504045
356597528420
21108584975
147760094930
209295959925
227534662545
355205580885
11364952230
79554665715
144370307765
185567449770
61435091460
17533287980
122733015965
34106407170
238744850295
21164542790
148151799635
212037892860
246728193090
77047942355
126823244245
62738005130
26653683670
186575785795
68493443635
66941753205
56079920195
392559441470
272841976325
259844425000
168861565725
357006255490
23969674465
167787721360
349489344935
383863652925
211971456510
246263138640
73792561205
104035576195
315736681125
147595006255
208140339200
219445317470
298580165360
27499395900
192495771405
109933342905
357021048095
24073222700
168512559005
354563208450
6868345185
48078416400
336548914905
293280642715
402915089730
345331514145
354758837395
8237747800
57664234705
403649643040
350473387315
390751949585
260189533130
171277322635
373916553860
142341763055
171367636800
374548753015
146767157140
202345395395
178880710835
14627918915
102395432510
304255675330
67227965690
58083407590
406583853235
371012858680
122015896795
29086572980
203606010965
187705019825
76398081845
122274220675
30894840140
216263881085
276310110665
284121365380
338800148385
309039277075
100713177905
292479893095
397309842390
306094782765
80101717735
148199671905
212372998750
249073934320
93468130965
241764564515
42302542330
296117796415
10262813285
71839693100
90365499460
220046143980
302785950930
56939894890
398579264335
314980736380
142303393040
171099046695
372668622280
133606241995
110218989380
359020573420
38069899975
266489299930
215375690235
270092774715
240600013730
34150686835
239054807950
23334246375
163339724730
318353368525
165911818055
336358021800
291944390980
393561327585
279855179130
308936844635
99996150825
287460703535
362175515470
60154494325
8569108035
59983756350
7373942210
51617595575
361323169130
54188069945
379316489720
180141314075
23452141595
164164991270
324130234305
206349878515
206912092675
210847591795
238396085635
18723190170
131062331295
92411614480
234368949120
403045586910
346244994405
361153199215
52998280540
370987963885
121841633230
27866728025
195067096280
127932617030
70503614625
81012950135
154578298705
257023386350
149114295175
218775361640
293890474550
407183912575
375213274060
151418804455
234906926600
406811429270
372605890925
133167122510
107145152985
337503718655
299964268965
37188121135
260316848050
172168527075
380154984940
186010780615
64538407375
39256499385
274795495800
273519061325
264584020000
202038730725
176734058145
412113702430
409721803045
392978507350
275775437485
280378653120
312601162565
125646376335
54499929760
381499508425
195422445010
130420058140
87915702395
202897564525
182745894745
41684206285
291789444100
392476699425
272262782010
255790064795
140481044290
158342605445
283373533530
333565325435
272395516425
256719205700
146985030625
203870509790
189556511600
89358524270
212997317650
253444166620
124059757065
43393594870
303755164195
63724387745
33558361975
234908533930
406822680580
372684650095
133718436700
111004352315
364518113965
76552683790
123356434290
38470335445
269292348220
234997028265
407442140925
377020872510
164071993605
323479250650
201792992930
175013893580
400072550475
325433739360
215474413900
270783840370
245437473315
68012903930
63577975270
32533474650
227734322655
356603201655
21148297620
148038083445
211241879530
241156099780
38043289185
266303024400
214071761525
260965273745
176707506940
411927843995
