158
249
71
114
204
129
106
93
255
137
187
232
240
168
201
27
144
220
98
184
216
145
149
84
21
240
88
45
40
99
30
151
214
26
10
85
98
142
7
97
149
153
145
165
167
74
191
113
44
223
52
135
81
86
196
29
231
231
254
230
42
205
224
97
212
28
112
161
149
31
158
220
181
248
19
126
89
248
149
96
111
135
18
59
140
175
61
189
66
42
213
134
240
33
66
200
52
253
255
46
151
78
202
188
143
178
254
81
157
213
253
215
238
231
152
156
54
41
43
37
207
131
222
207
186
113
79
62
161
195
106
61
45
211
112
179
95
171
148
170
129
28
58
68
124
213
194
236
200
227
185
7
16
179
59
161
10
189
191
113
122
50
150
197
201
229
29
118
151
47
120
61
162
133
16
55
33
81
139
181
133
160
127
193
219
58
247
43
106
67
125
178
18
66
24
33
104
194
184
79
253
132
166
50
213
81
196
232
192
164
205
197
55
209
65
216
11
82
203
108
44
25
40
207
140
176
254
16
19
137
174
190
249
56
168
189
174
57
195
239
185
19
62
115
123
7
176
63
78
83
145
50
69
86
202
47
92
189
224
40
61
205
123
209
239
211
194
47
22
136
123
152
114
78
62
63
191
33
64
245
234
99
232
249
238
125
104
192
18
22
167
225
211
185
114
138
117
70
86
121
57
209
175
254
221
64
86
209
102
223
192
115
69
99
10
111
44
176
205
153
33
190
26
6
0
168
145
249
153
39
196
170
67
196
152
147
178
236
49
135
222
41
121
202
100
188
96
154
122
231
231
169
40
209
48
15
220
199
177
139
219
73
103
106
68
225
110
100
34
230
249
227
221
44
40
122
99
55
136
152
198
98
1
204
206
19
125
57
220
201
93
194
245
44
121
186
39
56
203
112
127
71
134
206
98
191
66
178
32
36
25
84
169
199
84
70
101
154
229
211
227
1
210
147
191
199
8
62
168
244
235
24
147
3
161
186
210
90
166
246
6
23
136
104
19
55
139
174
247
107
242
96
76
243
80
216
38
55
56
86
29
35
253
98
40
159
132
181
85
100
135
242
216
109
47
136
148
121
6
138
36
237
65
85
50
212
233
86
201
34
175
204
191
101
254
42
177
88
34
130
78
63
246
120
164
138
72
134
98
252
11
79
229
138
219
49
222
157
216
17
233
21
19
108
107
180
52
238
66
125
0
94
14
154
88
255
87
151
230
81
182
89
52
214
204
182
229
237
178
122
6
156
1
155
93
253
161
252
110
96
95
146
178
43
213
142
31
157
248
112
145
184
50
85
160
247
102
162
75
208
114
170
112
71
84
142
13
153
112
32
98
151
0
139
64
231
120
88
188
162
234
246
157
227
31
225
86
189
65
63
143
137
3
155
128
95
111
9
234
169
127
44
198
69
54
37
235
185
229
130
230
59
145
219
72
120
190
227
114
107
42
21
11
195
175
107
115
170
73
199
137
210
169
220
59
119
136
10
194
62
239
240
41
105
79
208
158
60
84
252
30
109
68
130
123
180
8
64
44
106
74
8
169
82
66
176
23
241
206
135
165
90
98
52
188
95
118
190
76
168
1
92
0
76
8
1
222
55
179
22
79
243
204
156
145
18
91
69
246
237
28
241
42
59
227
83
70
38
67
147
196
5
247
80
114
106
96
111
220
23
213
200
112
125
132
30
232
211
41
123
211
247
123
104
158
240
186
152
186
87
87
222
161
201
119
72
173
72
135
4
171
138
166
100
54
202
14
31
188
58
192
248
239
91
135
246
19
101
8
223
57
139
50
216
162
62
232
201
155
55
225
202
246
28
18
69
71
61
212
2
254
188
181
119
209
236
233
189
20
41
117
189
223
26
48
137
22
78
32
117
253
161
184
196
57
165
153
189
18
206
74
205
82
112
45
86
105
4
33
114
234
206
130
223
154
97
220
241
31
3
214
8
159
199
230
240
245
141
223
103
155
208
87
172
226
225
109
206
243
10
154
214
43
172
227
7
88
29
159
254
42
166
151
28
20
254
43
46
188
78
160
1
29
172
81
139
25
105
165
74
78
3
250
97
94
90
129
122
128
9
120
72
116
38
23
210
167
194
72
1
188
210
142
153
24
177
95
82
129
248
202
229
162
183
42
200
140
180
47
222
135
68
110
114
137
39
40
39
70
47
246
144
131
52
14
97
49
143
37
56
63
154
252
190
154
178
104
18
140
71
48
207
114
176
218
201
232
8
111
50
141
72
33
49
145
121
36
106
135
51
