24756893
44496874
15857520
120350822
50069446
88817079
6993479
23358199
20085255
119505275
99621271
78906714
8975552
72344500
109053426
77020283
34044196
92022129
6352469
23486401
94133688
30621515
117398023
25968648
44254523
40597348
41328783
41182496
90594469
6638001
97503368
29947579
18767379
21003419
20556211
94719726
79887023
33470848
42754083
40897436
90651481
80700672
57999476
87231073
32002038
43047845
114912757
51157059
14525483
46543156
89522337
56235143
38201224
17116650
120098996
74811169
9794661
96872036
79456561
82939656
82243037
57691003
37910052
66557600
110210806
76788807
58781849
13000525
120922221
74646524
9827590
121556808
25136891
93803590
104761608
28495931
93131782
55513254
13654244
22026046
94425759
5871743
48273904
15102114
21736472
69792316
84872505
106547825
102212761
78388416
83153285
106891669
3378561
98155256
79199917
58299627
62479685
111026389
2551617
73629287
59413753
37565502
66626510
110197024
2717490
122978828
24852487
69169113
35614430
116399440
100242438
29399765
117642373
25919778
44264297
65286751
85773618
32293529
18298189
21097257
69920159
10772863
47293680
114063590
100709608
29306331
92969702
55545670
112413192
51656972
63808216
86069325
106308461
77569276
83317113
32784830
116965360
100129254
4731044
23810686
94068831
80017202
58136170
111895092
51760592
63787492
61382112
61863188
37075615
116107203
26226812
68894248
35669403
42314372
65676736
85695621
81691844
8418526
97147263
30018800
117518566
75327255
108456875
101830951
78464778
33755297
67388551
85353258
32377601
92355448
30977163
43252820
114871762
51165258
39215201
90987928
31250667
67889477
60561715
111409983
27166256
93397717
55460067
63047597
61530091
86524950
106217336
77587501
83313468
32785559
18199783
45808296
89669309
6823033
48083646
89214239
6914047
72756801
84279608
32592331
92312502
55677110
112386904
2279514
24300992
69279412
60283728
37391507
66661309
11424633
47163326
89398303
31568592
67825892
60574432
62024724
12351950
121051936
74620581
83906852
57358240
112050678
27038117
68731987
60393213
37369610
116048404
1547214
24447452
69250120
109672302
52205150
113081296
76214709
9513953
47545462
64630518
36522149
17452465
120031833
25441886
93742591
80082450
107505836
77329801
83365008
32775251
92275918
30993069
18558281
95119312
55115748
38425103
41763232
65786964
11599502
71819710
109158384
2925218
48863209
14984253
46451402
64849330
110552460
101411834
4474528
48553347
64428941
85945180
106333290
102255668
28997119
18957471
95039474
5749000
122372526
74356463
34576960
116606934
1435508
49161151
88998738
31648505
117192625
100083801
78814208
33685411
92093886
80412191
82748530
106972620
102127802
53714050
112779516
76275065
108267313
27794790
117963368
25855579
19585779
20839739
20588947
70021821
84826604
7791574
23198580
118882610
99745804
4807734
23795348
44689183
40510416
90728885
105376549
3681585
122786009
199693
49408314
14875232
71164564
10523982
72034814
10349932
72069624
10342970
121453732
49848864
14787122
71182186
84594531
81912062
57757198
37896813
41868890
115148548
26418543
44164544
15923986
95646171
79701734
8816548
47684943
39911264
16774642
70784682
59982674
12760360
120970254
562844
24644326
93902103
30667832
68006044
11155686
96599831
79511002
58237410
111874844
2381926
98354583
29777336
92875501
80255868
33397079
18077479
21141399
20528615
119416603
25564932
69026624
10951570
121332012
49873208
39473611
90936246
80643719
8628151
97105338
30027185
117516889
1253517
73888907
59361829
12884529
22179989
20320897
70075431
84815882
57176434
13321608
46783931
89474182
56244774
13507940
120820738
25284105
118465505
99829225
103556481
78119672
58515676
87127833
32022686
92426431
80345682
58070474
13142800
120893766
74652215
108591883
27729876
93284993
30791254
18598644
21037166
94623535
104597619
3837371
98063494
5144196
97802129
5196469
23717601
94087448
30630763
43322100
114857906
75859387
58967733
37654706
91300027
55879605
112346405
101053045
103311717
53477267
63444157
61450779
12466739
22263547
69686901
84893588
32469535
117028419
1351211
98560726
79118823
33624488
42723355
114977655
100526795
103416967
53456217
63448367
61449937
61849623
37078328
42032587
65733093
36301634
17496568
45948939
15567107
71026189
10551657
72029279
10351039
22686687
69602273
35527798
42342693
40979714
16560952
70827420
109356842
52268242
63685962
61402418
37167769
17323341
95366300
104449066
77941155
107934095
101935507
53752509
14006393
46646974
15427500
120436826
74743603
34499532
67239704
11308954
22495104
20257874
20705320
119381262
50263358
39395581
90951852
55949240
112332478
26981757
68743259
11008243
47246604
15307574
21695380
119183250
99685676
78893833
33669486
92097071
80411554
8674584
23021978
44843857
65170839
11722727
71795065
109163313
27615590
117999208
25848411
93661286
80098711
82811226
82268723
32994508
42849351
90261098
31396033
43169046
90197159
6717463
48104760
113901374
1976620
123127002
49514210
113619484
2032998
49041653
39639922
66211626
85588643
32330524
18290790
119864168
25475419
19661811
94898606
79851247
58169361
87197096
81391549
8478585
121826609
391573
49369938
39574265
115607473
26326758
44182901
89994388
31449375
117232451
75384478
34371357
67265339
11303827
71878845
109146557
52310299
14294835
120663359
624223
49323408
39583571
90914254
6574044
23442086
94142551
80002458
33447761
92141416
80402685
107441789
3268537
73485903
34751072
67189396
85393089
7678277
72603955
109001535
101722019
4412491
97948470
103932632
53353084
14086278
46630997
64813411
85868286
81657311
82499506
82331067
57673397
62604931
86309982
56877614
13381372
71463336
84538301
81923308
33063591
92218250
105078676
77815233
33885206
92053927
55728825
112376561
76355656
83559837
57427643
37962724
17164350
120089456
74813077
59176995
111686927
51802225
113161881
76198592
58899892
62359632
61667684
12423358
46963581
89438252
56251960
112271934
2302508
48987751
89033418
31641569
18428581
95145252
55110560
112500214
2256852
73688240
108784678
27691317
68601347
60419341
86747100
106172906
77596387
58620333
37724186
91286131
80573742
58024862
62534638
36941325
116134061
75604156
83710137
57397583
37968736
91237221
80583524
8640190
121794288
25089395
118504447
50438721
88743224
7008250
122120676
74406833
34566886
91917591
80447450
107432836
77344401
83362088
32775835
116967159
1363463
49175560
113687214
2019452
73735720
108775182
52384574
14279980
120666330
99389060
103644514
4027992
73334012
59472808
37553691
91320230
105258280
102470670
103028192
53533972
63432816
86144405
106293445
102263637
53686883
38710876
91088793
31230494
18510796
95128809
5731133
48302026
89170563
31614140
117199498
26008353
44246582
65290294
11698836
96491201
79532728
33541707
67431269
11270641
96576840
104206958
28606861
93109596
80209049
8715085
121779309
401033
49368046
88957359
6965423
48055168
39837219
16789451
95473078
30353637
68068883
35834476
91664073
31115438
43225165
114877293
26472794
19462336
94938501
79843268
33479599
18060975
119910131
74848942
59169822
62305646
86369839
7482927
72643025
108993721
77032224
9350450
121652236
74500521
83930864
7970722
72545466
84321875
106657951
77499378
33948377
67349935
110052339
2746427
73590325
108804261
77070116
83416945
106838937
52771823
38893888
41669475
115188431
75793282
58980954
12960704
22164754
20323944
20692106
94692547
55201101
87790748
31890103
43070232
65525564
11651782
71809254
10395044
22677886
94295391
79971890
107527948
27942663
43859720
114750382
51189534
14518988
46544455
114213435
100679639
4620967
73215417
59496527
62240305
111074265
101307473
29186758
43610901
90108788
31426495
117237027
50692205
113383885
100845549
4587785
122604769
235941
98783780
103765570
102769212
53585768
38731099
17010675
120120191
74806930
108560940
101810138
29086225
117705081
75289952
59081620
111706002
51798410
113162644
2124366
98406095
103841107
53371389
14082617
71323087
59874993
37473254
17262244
21304446
94570079
5842879
23588319
20039231
94823122
55174986
87795971
81271774
8502540
121821818
25083889
19740117
70191587
60101293
37427994
17271296
95376709
5681553
48311942
64477222
61244166
86582135
106205899
3515715
122819183
24884416
93854085
104751509
3806593
48686934
15019508
46444351
89542098
31539833
43140286
90202911
80790386
82672891
82296390
107063048
28035643
43841124
15988670
120324592
50074692
64124672
61314676
86568033
32134646
92404039
6276087
72884393
34871374
17782620
119965802
50146450
113493036
76132361
83604496
82110069
8334881
97163992
54706812
63198248
36808603
42086532
65722304
11612434
22434408
44961371
89838694
6789156
97473137
54644983
38519256
91127117
55914187
62956773
36856898
42076873
41032878
41241677
65891275
110344071
76762154
9404464
22876002
69564410
109609444
2835006
98263967
54486817
63242247
61491161
86532736
81524421
82526084
8251678
47797917
64580027
61223605
111277605
101266805
103268965
102868533
28874546
93056059
6145683
48219116
89187145
105684897
53002631
88230442
56493522
62840906
86262787
56887053
38070842
66525442
60834522
61972706
86436427
56852325
112151861
76400596
83550849
8046725
121912981
74448372
59249936
86980981
81434772
57852656
