9223372037348602968
13835058055529077292
16140901064619314454
17293822569164433035
17870283321436992325
18158513697573271970
18302628885641411793
18374686479675481704
18410715276692516660
18428729675201034138
18437736874455292877
18442240474082422246
18444492273895986931
18445618173802769273
18446181123756160444
18446462598732856030
18446603336221203823
18446673704965377719
18446708889337464667
18446726481523508141
18446735277616529878
9223367638808264939
13835055856258908277
6917527928129454138
12682136000919502877
6341068000459751438
12393906037084651527
6196953018542325763
12321848546125938689
6160924273062969344
12303834173386260480
6151917086693130240
12299330580201340928
6149665290100670464
12298204681905111040
15372474377807331328
16909609225758441472
17678176649733996544
18062460361721774080
18254602217715662848
18350673145712607232
18398708609711079424
9199354304855539712
4599677152427769856
11523210613068660736
14984977343389106176
7492488671694553088
3746244335847276544
11096494204778414080
14771619139243982848
7385809569621991424
3692904784810995712
11069824429260273664
14758284251484912640
7379142125742456320
3689571062871228160
11068157568290389888
14757450820999970752
7378725410499985376
3689362705249992688
11068053389479772152
14757398731594661884
7378699365797330942
12912721719753441279
15679732896731496447
17063238485220524031
8531619242610262015
13489181658159906815
15967962865934729215
17207353469822140415
17827048771765846015
8913524385882923007
13680134229796237311
16063439151752894463
17255091612731223039
8627545806365611519
13537144940037581567
6768572470018790783
12607658271864171199
6303829135932085599
12375286604820818607
6187643302410409303
12317193688059980459
6158596844029990229
3079298422014995114
10763021247862273365
5381510623931136682
11914127348820344149
15180435711264947882
7590217855632473941
13018480964671012778
15732612519190282197
7866306259595141098
13156525166652346357
6578262583326173178
3289131291663086589
10867937682686319102
5433968841343159551
11940356457526355583
15193550265617953599
7596775132808976799
13021759603259264207
6510879801629632103
3255439900814816051
10851091987262183833
5425545993631091916
11936145033670321766
5968072516835160883
2984036258417580441
1492018129208790220
746009064604395110
373004532302197555
9409874303005874585
4704937151502937292
11575840612606244454
5787920306303122227
2893960153151561113
1446980076575780556
723490038287890278
9585117055998720947
14015930564854136281
16231337319281843948
17339040696495697782
8669520348247848891
4334760174123924445
2167380087061962222
10307062080385756919
5153531040192878459
11800137556951215037
15123440815330383326
16785092444519967471
8392546222259983735
4196273111129991867
2098136555564995933
10272440314637273774
5136220157318636887
11791482115514094251
15119113094611822933
16782928584160687274
8391464292080343637
13419104182894947626
15932924128302249621
7966462064151124810
13206603068930338213
15826673571319944914
17136708822514748265
17791726448112149940
18119235260910850778
18282989667310201197
18364866870509876406
9182433435254938203
13814588754482244909
16130666414095898262
17288705243902724939
8644352621951362469
4322176310975681234
11384460192342616425
14915602133026084020
7457801066513042010
12952272570111296813
15699508321910424214
17073126197809987915
8536563098904993957
13491653586307272786
15969198830008412201
17207971451858981908
8603985725929490954
13525364899819521285
6762682449909760642
3381341224954880321
10914042649332215968
5457021324666107984
2728510662333053992
1364255331166526996
9905499702438039306
4952749851219019653
11699746962464285634
5849873481232142817
2924936740616071408
10685840407162811512
14566292240436181564
16506518157072866590
17476631115391209103
8738315557695604551
4369157778847802275
11407950926278676945
14927347499994114280
7463673749997057140
3731836874998528570
1865918437499264285
932959218749632142
466479609374816071
9456611841542183843
13951677957625867729
6975838978812933864
3487919489406466932
10967331781558009274
5483665890779004637
11965204982244278126
5982602491122139063
2991301245561069531
10719022659635310573
14582883366672431094
7291441683336215547
3645720841668107773
11046232457688829694
5523116228844414847
11984930151276983231
15215837112493267423
7607918556246633711
3803959278123316855
11125351675916434235
14786047874812992925
7393023937406496462
3696511968703248231
11071628021206399923
5535814010603199961
2767907005301599980
1383953502650799990
9915348788180175803
4957674394090087901
11702209233899819758
5851104616949909879
12148924345329730747
15297834209519641181
16872289141614596398
8436144570807298199
13441444322258424907
15944094197983988261
7972047098991994130
3986023549495997065
11216383811602774340
5608191905801387170
2804095952900693585
1402047976450346792
701023988225173396
350511994112586698
9398628033911069157
13922686053810310386
16184715063759931001
17315729568734741308
17881236821222146462
18163990447465849039
9081995223732924519
13764369648721238067
6882184824360619033
3441092412180309516
10943918242944930566
5471959121472465283
11959351597591008449
5979675798795504224
2989837899397752112
10718290986553651864
14582517530131601740
7291258765065800870
3645629382532900435
11046186728121226025
14746465400915388820
16596604737312470218
17521674405511010917
17984209239610281266
8992104619805140633
4496052309902570316
2248026154951285158
1124013077475642579
9785378575592597097
4892689287796298548
2446344643898149274
10446544358803850445
14446644216256701030
7223322108128350515
3611661054064175257
11029202563886863436
14737973318798207526
16592358696253879571
8296179348126939785
13371461710918245700
15909102892313898658
7954551446156949329
3977275723078474664
11212009898394013140
5606004949197006570
12026374511453279093
15236559292581415354
7618279646290707677
3809139823145353838
11127941948427452727
5563970974213726363
12005357523961638989
6002678761980819494
12224711417845185555
6112355708922592777
12279549891316072196
15363146982512811906
16904945528111181761
17675844800910366688
18061294437309959152
9030647218654979576
13738695646182265596
16092719859945908606
8046359929972954303
13246552001841252959
15846648037775402287
17146696055742476951
17796720064726014283
18121732069217782949
18284238071463667282
18365491072586609449
9182745536293304724
4591372768146652362
2295686384073326181
1147843192036663090
9797293632873107353
4898646816436553676
11672695445073052646
15059719759391302131
7529859879695651065
3764929939847825532
11105837006778688574
5552918503389344287
11999831288549447951
5999915644274723975
12223329858992137795
15335036966350844705
7667518483175422352
3833759241587711176
11140251657648631396
14793497865679091506
16620120969694321561
8310060484847160780
13378402279278356198
6689201139639178099
3344600569819589049
1672300284909794524
10059522179309673070
5029761089654836535
2514880544827418267
10480812309268484941
5240406154634242470
2620203077317121235
10533473575513336425
14490108824611444020
7245054412305722010
12845899243007636813
6422949621503818406
3211474810751909203
1605737405375954601
802868702687977300
9624806388198764458
14035775230954158037
7017887615477079018
12732315844593315317
15589529959151433466
7794764979575716733
3897382489787858366
1948691244893929183
974345622446964591
9710544848078258103
14078644460893904859
16262694267301728237
17354719170505639926
17900731622107595771
18173737847908573693
9086868923954286846
13766806498831919231
6883403249415959615
3441701624707979807
1720850812353989903
860425406176994951
430212703088497475
9438478388399024545
13942611231054288080
16194677652381919848
8097338826190959924
4048669413095479962
11247706743402515789
5623853371701257894
2811926685850628947
1405963342925314473
9926353708317433044
4963176854158716522
11704960463934134069
5852480231967067034
2926240115983533517
10686492094846542566
5343246047423271283
11894995060566411449
5947497530283205724
2973748765141602862
1486874382570801431
743437191285400715
9595090632497476165
14020917353103513890
16233830713406532753
8116915356703266376
13281829715206408996
15864286894457980306
7932143447228990153
3966071723614495076
11206407898662023346
5603203949331011673
2801601974665505836
10624173024187528726
14535458548948540171
16491101311329045893
17468922692519298754
8734461346259649377
4367230673129824688
2183615336564912344
1091807668282456172
9769275870996003894
14108009972352777755
7054004986176388877
12750374529942970246
15598559301826260931
17022651687767906273
17734697880738728944
8867348940369364472
4433674470184682236
11440209271947116926
5720104635973558463
12083424354841555039
15265084214275553327
7632542107137776663
13039643090423664139
6519821545211832069
3259910772605916034
10853327423157733825
5426663711578866912
2713331855789433456
10580037964749492536
14513391019229522076
7256695509614761038
3628347754807380519
1814173877403690259
10130458975556620937
5065229487778310468
2532614743889155234
10489679408799353425
5244839704399676712
2622419852199838356
1311209926099919178
9878976999904735397
4939488499952367698
2469744249976183849
1234872124988091924
9840808099348821770
14143776086529186693
16295260080119369154
8147630040059684577
13297187056884618096
15871965565297084856
7935982782648542428
3967991391324271214
11207367732516911415
14827055903113231515
16636899988411391565
8318449994205695782
4159224997102847891
2079612498551423945
1039806249275711972
519903124637855986
9483323599173703801
4741661799586851900
2370830899793425950
10408787486751488783
5204393743375744391
11825568908542648003
5912784454271324001
12179764263990437808
6089882131995218904
12268313102852385260
6134156551426192630
12290450312567872123
15368597193138711869
7684298596569355934
13065521335139453775
15756132704424502695
17101438389067027155
17774091231388289385
18110417652548920500
9055208826274460250
13750976449992005933
16098860261850778774
17272802167780165195
8636401083890082597
4318200541945041298
2159100270972520649
10302922172341036132
5151461086170518066
2575730543085259033
10511237308397405324
5255618654198702662
2627809327099351331
10537276700404451473
5268638350202225736
2634319175101112868
1317159587550556434
9881951830630054025
4940975915315027012
