27
89
52
13
76
88
65
34
13
90
31
81
97
61
44
28
33
70
42
29
55
64
13
30
19
26
85
66
95
68
27
70
87
62
78
97
0
43
92
24
19
83
53
13
35
92
20
80
52
51
18
88
12
86
65
9
12
59
88
86
75
36
4
17
66
98
88
80
73
22
56
37
21
89
6
13
59
60
45
26
1
80
87
68
85
87
67
6
38
65
79
69
65
93
21
64
62
71
2
49
73
19
83
80
70
60
3
96
45
73
14
28
56
55
62
7
73
39
87
37
87
20
4
57
88
60
37
87
60
90
37
69
55
50
31
58
32
85
68
38
68
70
13
17
57
49
32
9
70
13
71
31
99
75
70
98
57
21
8
96
82
58
96
94
55
67
47
84
41
32
48
34
66
56
98
93
12
98
86
83
5
47
81
12
63
18
35
65
1
63
67
62
81
55
64
40
10
77
41
94
60
94
69
21
92
42
8
57
34
8
46
48
43
88
50
68
29
25
22
11
45
79
16
26
31
48
49
86
89
69
19
23
90
95
26
2
84
40
34
50
56
40
43
56
73
39
70
51
45
21
15
0
35
8
78
99
44
17
6
2
49
67
93
89
57
36
14
16
10
48
7
57
54
20
11
33
19
24
39
11
48
3
68
83
7
99
74
20
69
9
63
12
82
40
98
19
65
89
12
69
40
27
53
19
14
37
74
17
39
88
73
49
59
87
1
83
79
16
41
17
11
99
62
25
15
19
76
12
20
89
97
91
92
84
30
10
88
87
38
9
2
90
46
11
82
1
78
22
70
30
64
13
35
87
83
68
62
24
23
54
58
22
24
16
43
69
62
66
64
34
97
35
40
51
26
41
26
19
4
89
67
18
14
70
19
38
53
22
28
68
9
12
28
74
59
25
53
34
53
81
89
36
2
68
12
82
76
10
63
47
78
83
75
80
53
4
89
52
63
60
69
61
49
52
76
86
69
47
36
46
59
73
17
55
81
78
39
91
94
37
73
81
57
82
59
73
58
19
55
17
58
28
23
5
51
93
28
65
3
39
19
13
93
17
23
6
25
7
64
90
63
55
78
48
28
90
89
60
6
17
54
37
9
25
74
84
99
43
74
46
45
7
8
67
63
84
59
53
31
11
61
11
2
25
55
76
91
90
58
21
72
87
96
89
5
98
27
97
51
53
69
0
13
37
66
24
69
79
71
81
34
58
18
5
94
3
76
79
34
17
76
88
2
22
13
79
41
78
61
89
53
79
83
26
58
37
53
19
50
0
69
79
38
83
52
42
79
59
7
18
97
4
53
32
93
61
22
30
97
36
35
43
7
85
24
83
21
49
53
12
79
47
6
38
99
39
73
39
61
71
2
52
76
75
39
32
39
26
58
21
93
63
5
36
59
60
93
51
27
37
40
50
32
17
78
38
94
67
94
46
30
46
28
6
90
54
68
17
45
20
52
31
61
46
48
92
61
91
26
69
54
65
13
74
83
43
44
15
52
15
67
47
72
10
75
95
51
67
48
1
28
90
43
36
68
78
79
84
22
29
96
11
10
53
93
78
95
29
5
98
11
27
4
14
77
22
80
47
50
45
59
24
54
2
43
85
67
37
4
12
67
48
7
38
23
84
46
39
78
4
32
18
46
43
46
53
61
86
5
76
34
32
62
64
41
8
19
27
54
46
81
63
62
38
28
38
9
46
82
62
5
75
15
47
75
49
78
84
97
55
68
74
0
41
43
98
42
23
24
58
25
41
98
68
78
49
19
12
69
68
29
2
49
58
34
47
55
98
39
27
45
83
58
95
92
87
3
30
19
32
17
81
42
94
33
98
58
35
27
25
9
16
15
79
94
77
90
10
84
67
5
64
52
92
93
13
97
52
58
83
1
11
56
17
52
6
98
79
21
16
45
14
55
57
71
88
39
79
84
20
47
55
88
64
27
50
6
72
16
38
87
70
35
97
27
51
45
83
46
61
81
22
72
96
60
97
99
69
96
38
14
67
23
33
35
34
32
62
51
87
45
85
59
80
84
70
39
40
16
82
37
84
6
61
92
0
72
60
52
81
87
66
39
23
79
29
22
73
72
28
6
96
12
87
82
27
94
76
68
7
23
4
58
68
96
82
47
61
20
31
92
60
75
45
3
95
13
10
4
28
76
25
9
5
46
60
28
8
56
2
77
40
47
12
83
34
45
23
85
49
10
18
72
96
76
5
80
9
6
59
51
33
69
36
12
90
3
94
58
13
62
97
26
41
42
56
59
40
90
99
