8500283542098
9601897359756
4072275728363
7019377623906
6949260660798
10105983729226
4986846281818
6307093234881
3291980863508
3078794350961
9266027675103
10230601465801
10975172930118
5822901758066
2008243744653
8214409564011
9499102773138
7816613701191
3421015883493
203325711121
5310639508973
1567079235686
3828374304713
11516537922706
3030172249113
4085709876836
8746300630333
9117256050026
6748641008003
9270736878976
5841861939308
10937845818286
9932810965248
1248204036406
2148629949633
11698214311536
1732463703453
6202882285666
518120912893
7348614699741
2814958368133
8822931195891
7021720344738
12050463969311
11863270335858
165970099486
1545180224273
4324462410586
10255069162638
8270442690131
1821283852173
4195731662381
198243756423
9497412529611
2331105723948
295642373136
9058148743273
2099842776401
5005829791918
6299869896261
5495260075498
953113839751
7905281158983
9042189409911
7317615557123
7242835929491
10016083025973
3248381860056
9139499349358
2742075654051
9757973986688
2815104621791
3910094036768
3701125479606
373170210863
8279215689696
4169223101133
6413401843096
1268529153098
12309573780131
1747443625103
11779141862231
12231898500308
3989948339276
1629437002703
11040219496826
3238310428743
2982580460971
8944192348158
10830580018696
8611044314948
8470514757121
1995374659073
1459398077566
6194796502263
6155539379386
11072072923523
6330038193121
483620841148
2094538189866
2798825546913
4385378836311
6688909205243
6177439572671
12220804733493
9216235164691
2266898414313
5532720789381
9503486159108
2980428016066
4461321303378
1075833630436
12279610982248
9599672078276
8280670707838
3330987051366
10352226904723
5049948233736
10099407818598
779558883341
3714663468388
3329233521676
7895791941623
4956196648146
6029914636763
9987464340016
5523632251953
4055569332051
10761120909223
6632178590691
1221455079318
10245904424386
8451494012233
8197599058616
3472630295833
164734583066
9221837353463
8919957987971
1655617271093
5791317001116
7381418482553
10287302257196
9239182645733
4869705954496
11636588559853
3230946670381
10550946130958
11601924731776
8172163613913
1181258088521
3962073948668
8713374252366
11808452685908
3461677241201
7043372273688
2654551438171
10616055233203
11757362734436
8518640622068
4281257839491
5085263288523
10447171551836
7419740084388
7529661640291
5216454530653
11639856931026
6683641928553
10855234143326
8914869360743
3268056052971
3874107878558
7522126626876
7706622880063
342055749486
12242373329293
1089088961486
8137878223398
4902872155301
841028082368
7469285695186
8183280852168
3666007637686
4082991331373
8441567755071
7529818605628
8602630799666
10666062890903
2093821827336
11612386489453
3945425327356
8928859503728
3733451392566
6129960171313
707540435336
2912315941783
1185639326516
11109233749923
12219632920581
6524195923468
12253099729796
8056040658213
87095868156
8544151339868
10131208427061
8829532911958
9582760753126
1710503181653
12219690537521
3050602333528
5357775504956
6462815633123
7510131822531
5486204519958
5008762155026
11193095767073
3348277530026
2996895366313
5893634682246
11806993287713
7787136490966
7138641252758
7706957141071
11653292985153
6705978453646
6884201393753
7587479712911
105965532538
160238886091
10792064745123
8575772693966
3759845799493
2692036022361
11702070819818
604284724821
8711044498208
11805697263511
149732174558
803081617956
8758722241358
9336717052111
1653003107623
4173625471846
1939848652583
6803374071171
1614049443878
9805512262916
7136108877628
2403502696981
1218410938983
5973547377216
839783455418
12125468272696
3355167773798
1629000811671
3794276755898
6617029371756
3255487318583
7560192804406
9549236242168
10565265090911
4533492842008
897330085476
7431811671203
10571906742641
12258348153373
1997501133581
877352280873
2971043761431
10379986694553
8631116891031
11972320541138
3163341334526
11452390008168
8614070159331
135503765413
1890841063941
3078108113618
5437235633071
10935712389038
12198659541341
9487864469698
6272376800816
6818084030843
9071312577731
48359282008
295676408946
5788073093873
9960811232376
3125947722438
5321911888876
8393718884923
8793615212016
6049777992678
10412696682141
6599468160298
3133879383426
8984648913313
8279262310481
2571448506918
7368075812661
1723774454098
10465102684671
8707290898418
3458571610281
9770725628613
10743170100041
4779940184583
10566456683411
3269191907503
2363798050796
10665633113893
11580707507351
456381530618
11331682924341
7398848175873
5817489980826
1368077050333
10018505530451
1493990436513
3879086307456
7607080379043
1054161270111
9176856318933
1684126789286
8688670230123
1923644043816
7443898569448
2390916120481
5913594319993
1118948187006
7781173794533
7602016773331
6519184510938
9611604586141
6933884589928
3520963463886
540555090448
6501089067236
5225123509673
777210844466
4761133601673
3873669307991
6507957050723
2456071903936
1559857270213
5520667484461
11849689456393
7168105184316
7239094628913
6840969265591
10994740212803
3478976283041
508843029783
2739836986381
351359104418
11467249285256
4210594558203
5494853383981
520856868038
3531817513746
4511587694073
10379993662141
2601626502298
3286462824806
7852434733528
7075464237461
5650735378463
4202973431881
10237294810163
2764762682321
7532417060893
7996453361481
4859459899128
6863480046296
8335182963948
1387272029541
10438195012943
4611942136866
2000030331113
10453748327316
9280023348413
11414039419186
1258345972388
11841585439326
6796755027728
2862530884351
9932225206448
4602680695991
7881158726988
5448253943981
11342493777143
9094373259206
12296169210423
8185685223261
6671645100983
868406789021
9168361964478
11579114916211
12158324735543
9992404130671
10696699879848
5482493997161
1130763051513
3164135468081
7990056938493
10107586022786
8231003618328
5374174163651
6631135577363
4833407927591
4890038287588
6119555998146
6516711366993
11076404370251
11062571455678
11227094985356
4944717695428
10593455428466
10637895153858
7149959792696
8565462920673
6824826934746
8168088630623
6080371615906
5250700261348
12085861581856
4453314273148
2084226752191
5475447897098
10379201110811
2567053839068
634929806026
8770891978643
2390228361251
9804010577038
10205175285121
4116418000228
8713577696566
6522941807578
7934361151021
9860681669783
11930874234026
8170640216623
6121504450051
9556473588158
10027389456516
251785748763
10458278740066
3334718631303
487171536796
3670594040293
2255222343746
4173795439158
6153711658416
944731177793
12196668534016
1803306285508
4343414686611
11287855617538
8795102669441
5224143340228
8837112478781
4948425631613
8211182806246
8436423718738
2625732884501
9922372081813
4850603073791
8738816417758
11701067778501
6373793018663
11943952605861
1558611071788
11852170008516
7603565785963
10831124187441
2039839597943
935949310681
7762630315953
6674930591326
8362453104058
8387803402486
9519864938028
8084239446021
1739424944478
7955380103386
10299595182103
11642532250621
4853879294878
4973223716316
7668912606428
6605945816216
3444362752283
11700718919156
3982705142473
2242801852631
3733414128803
2485829002996
11406373570573
7801877413806
9685047186653
4287431742301
11825311126328
3314570323286
5764221304508
4170774151991
2295048112068
1160453140956
7882864918978
1196644001871
5484041963988
4924095278131
4981184047128
5010632001021
3077245640598
11599679372516
3823484856058
1990819810886
11037788630128
10424947622796
12312052996683
7675057275481
9595171954378
3227366785381
10697211820533
6369544891581
5136186863363
7636257173346
4815867253678
4490643862186
7658441360043
7486016892556
11585043872973
11150811866216
9930014914273
465500580411
5758113278168
11948094354411
747257499803
1384795227791
11735975527898
2402028806226
3273397187228
3165670527351
5263291474228
2224482999406
2731556510458
662681385146
2717260802038
9103347605056
11998338520428
631104356361
6081206508323
4999042887811
9369388425858
11503792057966
438684610508
8612280598471
6163158072593
12115184439796
12227434312423
1859181983946
1164799146203
9510435457861
3132105497388
127579025921
9946584818158
4082953949916
5328110303923
4199934340721
5280637471168
6209427680196
5897832107118
10632704194916
3334400896068
11317977229756
11106819078233
1986665434296
9554195664393
10384015894331
10158347503833
8056741107851
1532176245333
1326234489011
3405927527188
8533052074381
2257567262153
4593866553321
9012283365673
8405229664896
10341672136163
6103471548496
7696371666263
7385117241966
8882064394233
5370902972531
4360025948
4303585960501
3219628550878
9480177406526
528192061478
2285223234076
1737678456913
7496415350361
10533735706528
2362986058886
8740849924883
11729842970161
486953877958
2926627223091
10012868940093
6306206335896
4043172266878
6905504228646
5556627590038
9255309392166
1213897092368
456052644031
10337050343863
12080080531431
9709866246298
8409742829421
1378683214043
4816766975836
11050083518038
2717333832956
96757190498
8786893278976
11581199304193
2961226363636
8459006484893
7640473311071
7719999348058
6422823431991
1275980853643
4543824618181
5889839078058
4577131828136
12118138477803
2321237880176
819083631823
5409333327611
2382380748998
11976397124851
3342097174818
11986180314066
5013846329558
3184254503391
10505334052758
8959300213636
11363332246013
12054856350546
5904453710168
5640850154836
4364938380893
9883521532676
2948414159123
1095205311681
9008220418978
9250990047271
923295330528
9518859709761
7531085695343
3969579089326
9368715721648
10749137870176
180698115433
6476384066606
1220051926588
4207207111556
1694341561403
11302680241466
12094532215053
3765917145031
6392748220443
4372147115646
3042767780168
2798932887676
2140760876948
967868841781
572775252103
9811438084956
1278907680248
8851246604321
4336731705298
884539755491
1988897904308
6132609501931
2915559399213
10590007887666
8167221248568
892622367391
10616596331363
4909894702651
8889396387643
1198013690691
2428509041483
1738832073996
794801229878
1675880996556
5498305784153
2140960829911
2362797470453
5943387296236
8680135909918
2058145028386
4436498518798
326190861461
3052208815128
12024660557026
5443221630238
1653108044296
11663895490228
9866871380376
6660932527533
1614084579931
9970379443663
11753713239376
1751217771258
7524040057316
1437970069123
1035411841106
4851028580678
11343023277421
9740801644423
12094517704561
172839468763
9365095995131
10776707282513
6402534465836
11117422970548
6719831581166
2278501900213
11405098932186
12086581271458
6302227516651
6129830741948
2013249301776
10121967676343
10657725824746
736978908003
12037405172681
8237444666078
9015601565901
3037046463078
5158129001056
1356516745178
1736755015596
1749580026878
502846008361
7531179940498
4696147116346
11225054301308
12141861710941
3323999645658
6407733530636
151888030253
2448323098286
6754715585858
7730447010396
2564402019363
7395329751691
7621702055883
9936054763796
5144126343218
8874615309896
11398686013533
10542880959616
6293297966168
7250570794116
3897992889403
1455911435631
6191143098413
2764109164421
9763434928118
5783292131586
8175994272313
10171969713016
5338533999608
11002603066416
6069027775463
7865014314556
666047148773
11880390284906
2899036848973
662840591081
430253573428
2407506250951
5322817474433
4101074659636
9711462119253
1556124619711
5726392146018
8449011430376
2813719646673
12265805035301
9154855071528
1230367473836
3029696105533
9264943048206
10378522902368
11805899049896
753672238698
6929698020241
2779449511488
1679098312686
10231431574863
1171916992641
3623659383343
5266990563946
5818642728318
3866050593571
10661590417223
10390530634081
1708235103633
2853281439051
9297976839063
6892305406861
6099155551248
854352352961
11149495514733
7335839292531
6430725433693
11356844688081
7260638980798
367614398441
769723027288
8916569349461
4068242329248
3115416225991
6892515368043
11502713694681
7951325265393
8489946346041
5729895675938
11862138927246
8123445334308
11161050166941
2651771661053
6491838292596
11189786341268
2317960586266
4631177227838
9211516679466
6174026249018
217205675371
10398471882338
9850573276341
248004492378
11333771957536
670133836273
12272496640241
7657140482053
2394331895776
5630947296073
7587267889026
9394716644538
2824287464981
10263447207953
8596467340021
4169773014208
97404140306
9998247483818
3809273607691
5893442322928
9925155204176
5396639705928
2613604621651
7220660553843
12237887044916
6126470229128
11941069113236
10520317050558
10168545710216
10633656393213
612051310761
11537987918963
9142134285351
966571092738
464074550776
849033087468
4532776418566
6249334956173
7929771381776
6385448148418
5347157541126
1347734791153
462810501126
8929301759303
10181081281111
5274591701783
5628873284786
2559534531773
3464970070736
1886074691753
11476474815351
10124842945813
9272126903726
12060715325788
5376890905031
7260164063093
1765022234301
11801287453608
4163246162001
12007072651933
2917970164556
2612170873763
3408155033226
8219115881008
9118528101706
8512402365273
7871763584886
11847943616958
8676002260201
1172199509938
796402041796
4979335500598
3564580479416
5811289568698
11894445454661
10271719287133
1831446084351
3597289772958
5085083529316
5237955927163
683453766411
3663837369373
9275934408376
6580712059368
9290559361861
2888403189013
7602280912946
323187667813
1249656400701
5220052553263
6498631125886
1517080104908
5343019638476
937971894788
5769618106521
12279706004283
7675956535246
2821915898013
1604208843641
5429691900673
1901417135176
11400950553163
4938950441336
11218367941178
4784709936021
1898374714068
8183032877406
3135188620048
7291189085976
3061196418638
202065499291
8944553227663
10575331325611
6416548316508
2828326121631
10482680088333
4347734003711
3016024773878
6699340805036
1860041598578
3874886358051
7860333064258
4195595968581
10555471390488
5358633758156
6451801104013
9504154946286
8740729052393
7043206325261
10348875184098
6699215451761
9193617468003
12206416907356
7796945796528
7574927945786
103435777508
1525842070126
3912400428733
2915016093331
11962629909758
6456162914701
10007479578803
2137480837446
2718267591623
6502823359611
2184126153758
8382533899731
7085792287283
9550732444656
11472492469878
9483318204126
5203415461493
6841291654286
2271371500043
4220757843031
