242
247
88
80
34
217
66
36
194
137
204
183
71
111
62
252
180
224
232
67
138
34
159
60
200
58
244
102
125
202
181
159
250
113
212
113
243
116
40
42
27
131
94
47
95
112
23
194
213
23
153
108
148
150
217
234
217
174
106
131
185
33
159
133
213
125
255
45
191
110
101
57
246
139
235
97
66
218
48
221
2
207
38
204
73
128
72
83
207
111
190
158
72
98
155
93
177
99
192
165
30
122
189
135
44
167
97
202
197
106
165
67
14
141
247
147
12
250
17
229
123
181
169
214
33
241
28
225
74
109
153
127
95
181
245
155
26
186
51
44
214
245
243
103
169
121
34
205
72
213
2
86
243
233
28
7
53
34
137
32
34
145
32
90
21
118
75
135
233
48
233
139
23
192
75
188
237
15
44
54
73
86
230
151
169
157
25
109
148
155
235
239
227
75
50
204
85
196
224
11
176
28
2
141
208
182
56
206
211
82
215
28
34
175
29
243
170
81
133
119
56
251
122
235
138
248
243
33
74
119
41
83
112
66
119
171
37
217
45
180
69
209
73
242
62
41
152
162
241
113
102
91
203
158
87
64
121
173
118
96
150
213
149
209
129
99
149
67
146
37
247
161
81
45
173
170
205
91
40
114
120
116
168
77
209
157
220
254
122
82
18
160
164
30
248
172
212
114
196
246
241
121
180
30
28
140
68
197
52
70
233
66
88
199
108
111
96
81
82
116
101
223
28
233
143
71
218
248
118
221
18
178
39
168
185
134
165
246
29
126
144
146
148
118
201
152
104
13
178
34
137
51
67
110
119
55
175
188
174
100
75
136
94
167
166
196
153
25
22
204
32
161
187
194
233
204
253
182
201
113
224
27
110
180
111
235
126
172
116
134
233
175
44
115
163
12
216
194
56
68
26
222
68
213
45
178
74
181
203
91
64
210
109
227
68
126
45
138
97
230
12
74
113
197
200
66
234
158
44
39
75
237
60
29
82
193
78
97
38
87
35
94
100
72
253
91
131
80
97
78
29
198
46
237
50
151
107
86
104
120
210
254
122
220
132
17
29
24
186
115
162
95
230
3
191
123
246
97
169
136
59
144
252
205
36
158
85
174
100
177
86
158
229
198
176
112
15
223
144
190
