614
464
704
134
214
124
474
344
44
694
324
424
94
514
674
824
604
194
644
104
244
144
774
734
64
164
204
754
764
534
114
784
234
524
274
484
314
584
444
4
614
464
704
134
214
124
474
344
44
694
324
424
94
514
674
824
604
194
644
104
244
144
774
734
64
164
204
754
764
534
114
784
234
524
274
484
314
584
444
4
614
464
704
134
214
124
474
344
44
694
324
424
94
514
674
824
604
194
644
104
244
144
774
734
64
164
204
754
764
534
114
784
234
524
274
484
314
584
444
4
614
464
704
134
214
124
474
344
44
694
324
424
94
514
674
824
604
194
644
104
244
144
774
734
64
164
204
754
764
534
114
784
234
524
274
484
314
584
444
4
614
464
704
134
214
124
474
344
44
694
324
424
94
514
674
824
604
194
644
104
244
144
774
734
64
164
204
754
764
534
114
784
234
524
274
484
314
584
444
4
614
464
704
134
214
124
474
344
44
694
324
424
94
514
674
824
604
194
644
104
244
144
774
734
64
164
204
754
764
534
114
784
234
524
274
484
314
584
444
4
614
464
704
134
214
124
474
344
44
694
324
424
94
514
674
824
604
194
644
104
244
144
774
734
64
164
204
754
764
534
114
784
234
524
274
484
314
584
444
4
614
464
704
134
214
124
474
344
44
694
324
424
94
514
674
824
604
194
644
104
244
144
774
734
64
164
204
754
764
534
114
784
234
524
274
484
314
584
444
4
614
464
704
134
214
124
474
344
44
694
324
424
94
514
674
824
604
194
644
104
244
144
774
734
64
164
204
754
764
534
114
784
234
524
274
484
314
584
444
4
614
464
704
134
214
124
474
344
44
694
324
424
94
514
674
824
604
194
644
104
244
144
774
734
64
164
204
754
764
534
114
784
234
524
274
484
314
584
444
4
614
464
704
134
214
124
474
344
44
694
324
424
94
514
674
824
604
194
644
104
244
144
774
734
64
164
204
754
764
534
114
784
234
524
274
484
314
584
444
4
614
464
704
134
214
124
474
344
44
694
324
424
94
514
674
824
604
194
644
104
244
144
774
734
64
164
204
754
764
534
114
784
234
524
274
484
314
584
444
4
614
464
704
134
214
124
474
344
44
694
324
424
94
514
674
824
604
194
644
104
244
144
774
734
64
164
204
754
764
534
114
784
234
524
274
484
314
584
444
4
614
464
704
134
214
124
474
344
44
694
324
424
94
514
674
824
604
194
644
104
244
144
774
734
64
164
204
754
764
534
114
784
234
524
274
484
314
584
444
4
614
464
704
134
214
124
474
344
44
694
324
424
94
514
674
824
604
194
644
104
244
144
774
734
64
164
204
754
764
534
114
784
234
524
274
484
314
584
444
4
614
464
704
134
214
124
474
344
44
694
324
424
94
514
674
824
604
194
644
104
244
144
774
734
64
164
204
754
764
534
114
784
234
524
274
484
314
584
444
4
614
464
704
134
214
124
474
344
44
694
324
424
94
514
674
824
604
194
644
104
244
144
774
734
64
164
204
754
764
534
114
784
234
524
274
484
314
584
444
4
614
464
704
134
214
124
474
344
44
694
324
424
94
514
674
824
604
194
644
104
244
144
774
734
64
164
204
754
764
534
114
784
234
524
274
484
314
584
444
4
614
464
704
134
214
124
474
344
44
694
324
424
94
514
674
824
604
194
644
104
244
144
774
734
64
164
204
754
764
534
114
784
234
524
274
484
314
584
444
4
614
464
704
134
214
124
474
344
44
694
324
424
94
514
674
824
604
194
644
104
244
144
774
734
64
164
204
754
764
534
114
784
234
524
274
484
314
584
444
4
614
464
704
134
214
124
474
344
44
694
324
424
94
514
674
824
604
194
644
104
244
144
774
734
64
164
204
754
764
534
114
784
234
524
274
484
314
584
444
4
614
464
704
134
214
124
474
344
44
694
324
424
94
514
674
824
604
194
644
104
244
144
774
734
64
164
204
754
764
534
114
784
234
524
274
484
314
584
444
4
614
464
704
134
214
124
474
344
44
694
324
424
94
514
674
824
604
194
644
104
244
144
774
734
64
164
204
754
764
534
114
784
234
524
274
484
314
584
444
4
614
464
704
134
214
124
474
344
44
694
324
424
94
514
674
824
604
194
644
104
244
144
774
734
64
164
204
754
764
534
114
784
234
524
274
484
314
584
444
4
614
464
704
134
214
124
474
344
44
694
324
424
94
514
674
824
604
194
644
104
244
144
774
734
64
164
204
754
764
534
114
784
234
524
274
484
314
584
444
4
