32829
16414
8207
4103
34819
50177
25088
12544
6272
3136
1568
33552
16776
41156
20578
10289
37912
51724
58630
62083
63809
31904
48720
24360
12180
6090
3045
34290
17145
8572
4286
34911
17455
41495
53515
26757
13378
39457
52496
26248
45892
22946
11473
5736
2868
34202
17101
41318
20659
10329
37932
18966
42251
21125
10562
38049
51792
25896
12948
6474
3237
34386
49961
24980
12490
6245
35890
17945
41740
53638
59587
62561
64048
64792
65164
65350
65443
32721
16360
8180
36858
51197
25598
45567
55551
60543
63039
64287
32143
16071
40803
20401
42968
54252
27126
13563
39549
19774
42655
21327
10663
5331
35433
17716
41626
20813
43174
21587
43561
21780
10890
5445
2722
1361
680
340
170
32853
16426
40981
20490
10245
5122
35329
17664
8832
4416
2208
33872
16936
8468
4234
2117
1058
529
264
32900
16450
40993
53264
26632
46084
23042
44289
22144
11072
5536
35536
17768
8884
37210
18605
9302
37419
51477
25738
12869
6434
3217
1608
33572
49554
57545
61540
63538
31769
48652
57094
61315
63425
31712
48624
57080
28540
14270
39903
19951
42743
21371
43453
21726
10863
38199
19099
9549
37542
18771
42153
21076
10538
38037
19018
9509
37522
51529
58532
62034
63785
31892
15946
7973
36754
51145
58340
61938
30969
15484
7742
36639
18319
9159
37347
18673
42104
21052
10526
5263
2631
34083
17041
8520
37028
51282
58409
29204
14602
7301
3650
34593
50064
25032
45284
55410
27705
13852
39694
19847
42691
54113
59824
62680
64108
32054
16027
8013
36774
18387
41961
20980
43258
54397
27198
46367
23183
11591
38563
19281
9640
4820
2410
33973
49754
24877
12438
38987
19493
42514
54025
59780
29890
47713
56624
61080
63308
64422
32211
48873
24436
44986
55261
60398
62967
31483
48509
24254
44895
22447
43991
54763
60149
62842
64189
32094
16047
40791
53163
59349
29674
47605
56570
61053
30526
48031
24015
12007
6003
3001
1500
33518
49527
24763
45149
55342
60439
62987
31493
15746
40641
20320
42928
54232
59884
29942
14971
40253
20126
10063
5031
2515
34025
17012
41274
53405
59470
29735
14867
40201
52868
26434
45985
55760
27880
13940
39738
52637
59086
29543
14771
7385
36460
18230
9115
4557
35046
17523
8761
4380
34958
17479
41507
20753
10376
37956
18978
9489
4744
35140
17570
8785
4392
2196
1098
549
33042
49289
57412
28706
14353
7176
36356
18178
41857
20928
10464
38000
51768
25884
45710
22855
44195
22097
11048
5524
2762
1381
33458
16729
41132
20566
43051
54293
27146
13573
6786
36161
18080
41808
20904
10452
5226
35381
50458
25229
45382
55459
27729
13864
6932
3466
1733
866
433
32984
49260
24630
12315
6157
35846
50691
58113
29056
14528
7264
36400
50968
58252
61894
63715
31857
48696
24348
44942
22471
44003
22001
43768
21884
10942
38239
19119
42327
53931
59733
29866
47701
23850
44693
22346
11173
38354
51945
25972
45754
55645
60590
63063
64299
64917
32458
16229
40882
20441
42988
21494
10747
38141
19070
42303
53919
26959
13479
6739
36137
18068
9034
4517
35026
50281
25140
45338
22669
44102
54819
27409
13704
39620
19810
9905
37720
51628
25814
45675
55605
60570
30285
47910
23955
44745
55140
60338
30169
47852
23926
11963
38749
52142
58839
62187
63861
64698
65117
65326
65431
65483
32741
49138
24569
12284
6142
35839
50687
58111
61823
63679
64607
32303
48919
57227
28613
14306
7153
36344
18172
9086
37311
51423
25711
45623
22811
11405
38470
52003
26001
13000
39268
52402
26201
45868
22934
44235
22117
43826
21913
43724
54630
27315
13657
39596
19798
42667
54101
27050
46293
23146
44341
54938
27469
46502
23251
44393
22196
43866
21933
10966
38251
51893
58714
29357
14678
40107
52821
26410
45973
22986
11493
38514
19257
9628
37582
18791
9395
4697
35116
17558
41547
20773
43154
54345
59940
62738
64137
64836
32418
16209
8104
4052
2026
33781
49658
57597
28798
47167
56351
28175
14087
39811
52673
26336
45936
55736
27868
46702
56119
28059
14029
39782
19891
9945
37740
18870
9435
4717
2358
1179
589
33062
16531
41033
53284
59410
62473
64004
32002
48769
24384
12192
38864
19432
9716
37626
51581
25790
45663
22831
44183
54859
27429
46482
56009
60772
63154
31577
48556
24278
44907
55221
60378
30189
15094
7547
36541
18270
9135
37335
51435
58485
62010
63773
64654
32327
48931
24465
12232
38884
52210
26105
13052
6526
36031
50783
25391
45463
55499
27749
46642
23321
44428
54982
60259
30129
47832
56684
28342
14171
7085
3542
34539
50037
57786
61661
63598
64567
32283
16141
40838
53187
59361
62448
63992
31996
15998
40767
53151
26575
13287
6643
3321
1660
830
33183
16591
8295
4147
2073
33804
49670
57603
61569
30784
15392
40464
20232
42884
21442
43489
54512
60024
30012
15006
7503
3751
1875
33705
16852
8426
36981
51258
58397
61966
30983
48259
56897
28448
46992
23496
44516
55026
27513
13756
6878
3439
34487
17243
8621
4310
34923
50229
57882
28941
47238
56387
60961
63248
31624
48580
24290
12145
38840
19420
42478
54007
27003
46269
23134
11567
38551
52043
26021
45778
55657
27828
46682
23341
11670
38603
19301
42418
21209
43372
21686
10843
5421
2710
34123
17061
41298
53417
26708
13354
39445
19722
9861
4930
35233
50384
25192
12596
39066
19533
42534
21267
43401
54468
27234
13617
39576
52556
59046
29523
47529
23764
11882
38709
52122
26061
45798
22899
11449
5724
35630
50583
58059
29029
47282
23641
44588
22294
43915
21957
10978
5489
35512
17756
41646
53591
59563
62549
31274
48405
24202
12101
6050
3025
1512
756
33146
49341
24670
12335
38935
52235
26117
13058
39297
19648
9824
37680
51608
58572
62054
31027
15513
40524
53030
26515
46025
55780
60658
30329
15164
7582
3791
1895
947
473
33004
16502
8251
36893
51214
25607
45571
55553
27776
13888
6944
36240
18120
41828
53682
26841
46188
23094
11547
5773
35654
50595
25297
12648
6324
35930
17965
8982
37259
18629
9314
4657
35096
50316
57926
61731
30865
15432
40484
53010
59273
62404
31202
15601
40568
20284
10142
5071
2535
1267
633
316
158
79
39
19
32777
49156
24578
45057
22528
11264
5632
2816
1408
704
352
32944
49240
57388
28694
47115
23557
11778
38657
19328
9664
4832
35184
50360
25180
45358
55447
60491
30245
47890
56713
61124
30562
15281
40408
52972
26486
13243
39389
52462
58999
29499
47517
56526
28263
14131
7065
36300
50918
25459
12729
6364
35950
50743
25371
12685
39110
52323
26161
45848
55692
60614
63075
31537
48536
57036
61286
30643
15321
40428
20214
10107
37821
18910
9455
37495
18747
42141
53838
26919
13459
39497
52516
59026
62281
63908
64722
65129
32564
49050
24525
45030
22515
11257
5628
2814
34175
49855
57695
28847
47191
56363
60949
30474
15237
7618
36577
51056
58296
29148
47342
56439
28219
46877
56206
28103
46819
23409
44472
22236
43886
54711
27355
13677
6838
3419
1709
854
33195
49365
24682
45109
55322
27661
46598
56067
60801
30400
15200
40368
52952
59244
29622
14811
7405
3702
1851
33693
49614
24807
12403
6201
3100
34318
17159
41347
53441
26720
46128
55832
60684
63110
64323
64929
65232
32616
16308
40922
20461
10230
5115
35325
17662
41599
53567
59551
29775
14887
7443
36489
51012
25506
12753
6376
3188
34362
49949
57742
28871
47203
23601
44568
55052
60294
62915
64225
64880
65208
32604
49070
57303
61419
63477
64506
65021
32510
49023
57279
61407
30703
48119
24059
44797
22398
43967
54751
27375
46455
23227
44381
54958
60247
62891
64213
32106
48821
57178
28589
14294
39915
52725
59130
62333
31166
48351
24175
44855
22427
11213
38374
19187
9593
4796
2398
1199
33367
49451
57493
28746
14373
39954
52745
59140
29570
47553
23776
44656
55096
27548
46542
23271
11635
5817
2908
34222
49879
57707
61621
63578
31789
15894
40715
20357
10178
37857
51696
58616
29308
14654
40095
20047
10023
5011
35273
50404
57970
28985
14492
40014
20007
10003
37769
51652
25826
12913
39224
19612
42574
21287
10643
38089
51812
58674
29337
47436
56486
28243
46889
23444
11722
5861
35698
17849
8924
37230
51383
25691
12845
6422
35979
17989
8994
4497
2248
33892
49714
24857
45196
55366
60451
30225
15112
40324
20162
42849
54192
59864
62700
31350
15675
40605
53070
26535
13267
39401
19700
42618
54077
27038
13519
6759
3379
1689
33612
49574
24787
45161
22580
44058
22029
43782
54659
60097
30048
47792
56664
61100
30550
48043
56789
28394
46965
56250
60893
63214
64375
32187
48861
57198
61367
30683
15341
7670
3835
34685
17342
41439
20719
43127
21563
43549
54542
27271
46403
55969
60752
30376
15188
7594
36565
18282
41909
53722
26861
13430
6715
36125
50830
25415
45475
22737
11368
5684
35610
17805
41670
53603
26801
46168
55852
27926
46731
23365
11682
5841
2920
1460
33498
16749
8374
4187
2093
1046
33291
16645
8322
36929
18464
42000
21000
43268
21634
43585
21792
43664
21832
43684
54610
60073
30036
15018
40277
20138
42837
21418
43477
21738
43637
54586
60061
62798
31399
15699
40617
20308
10154
37845
18922
42229
53882
59709
29854
14927
7463
3731
34633
50084
57810
61673
30836
48186
56861
61198
30599
48067
56801
61168
63352
31676
15838
7919
36727
18363
41949
53742
59639
29819
47677
23838
11919
5959
35747
17873
8936
4468
35002
50269
57902
61719
63627
31813
15906
7953
3976
34756
17378
8689
37112
18556
9278
37407
18703
9351
37443
51489
58512
29256
47396
56466
61001
63268
64402
64969
65252
65394
32697
16348
40942
53239
26619
46077
23038
44287
54911
60223
62879
31439
15719
7859
3929
34732
17366
41451
53493
59514
62525
31262
15631
7815
36675
51105
58320
29160
14580
40058
52797
26398
13199
6599
36067
18033
41784
20892
43214
21607
10803
5401
35468
50502
58019
29009
14504
7252
3626
34581
17290
8645
4322
2161
33848
16924
41230
20615
43075
54305
59920
29960
47748
23874
44705
55120
27560
13780
6890
36213
50874
58205
61870
63703
64619
65077
65306
32653
49094
57315
28657
47096
23548
11774
38655
52095
58815
62175
31087
48311
24155
12077
6038
35787
17893
41714
20857
10428
5214
2607
34071
49803
24901
12450
6225
3112
1556
778
389
194
32865
49200
57368
61452
63494
64515
65025
32512
16256
8128
4064
34800
50168
25084
12542
39039
52287
58911
29455
14727
40131
52833
59184
62360
63948
64742
32371
16185
8092
36814
18407
9203
4601
2300
1150
33343
49439
24719
12359
38947
19473
9736
37636
18818
42177
21088
43312
54424
59980
62758
31379
48457
56996
61266
63401
31700
15850
40693
53114
59325
29662
14831
40183
20091
42813
21406
10703
5351
2675
1337
668
33102
16551
8275
36905
18452
9226
4613
2306
33921
16960
8480
37008
18504
42020
53778
59657
62596
31298
48417
56976
28488
47012
56274
60905
30452
47994
56765
28382
14191
39863
19931
9965
4982
2491
34013
49774
57655
28827
14413
39974
19987
42761
54148
27074
46305
55920
60728
30364
47950
23975
11987
38761
19380
42458
21229
10614
5307
35421
50478
58007
61771
30885
48210
56873
28436
14218
7109
3554
1777
33656
16828
8414
4207
34871
17435
8717
37126
51331
58433
29216
47376
23688
44612
22306
11153
5576
35556
50546
25273
12636
39086
52311
58923
62229
31114
15557
7778
3889
34712
50124
57830
28915
14457
7228
3614
1807
903
33219
49377
57456
61496
30748
48142
24071
44803
55169
27584
13792
39664
52600
26300
13150
6575
36055
50795
58165
61850
30925
48230
24115
12057
38796
52166
58851
29425
47480
23740
11870
5935
35735
50635
25317
45426
22713
11356
38446
51991
58763
29381
14690
7345
36440
50988
25494
45515
22757
44146
22073
11036
38286
19143
42339
21169
43352
54444
27222
46379
55957
27978
13989
39762
52649
26324
13162
39349
52442
26221
13110
6555
3277
34406
17203
8601
37068
51302
25651
12825
39180
52358
58947
62241
63888
31944
48740
57138
28569
47052
56294
28147
14073
7036
3518
34527
17263
41399
20699
10349
5174
2587
1293
33414
49475
57505
61520
30760
15380
7690
3845
1922
33729
16864
41200
53368
26684
13342
6671
3335
34435
49985
24992
45264
22632
11316
38426
19213
42374
53955
59745
62640
64088
64812
32406
48971
24485
45010
55273
27636
46586
56061
28030
46783
56159
28079
46807
56171
60853
63194
31597
15798
7899
3949
1974
987
493
246
123
32829
16414
8207
4103
34819
50177
25088
12544
6272
3136
1568
33552
16776
41156
20578
10289
37912
51724
58630
62083
63809
31904
48720
24360
12180
6090
3045
34290
17145
8572
4286
34911
17455
41495
53515
26757
13378
39457
52496
26248
45892
22946
11473
5736
2868
34202
17101
41318
20659
10329
37932
18966
42251
21125
10562
38049
51792
25896
12948
6474
3237
34386
49961
24980
12490
6245
35890
17945
41740
53638
59587
62561
64048
64792
65164
65350
65443
32721
16360
8180
36858
51197
25598
45567
55551
60543
63039
64287
32143
16071
40803
20401
42968
54252
27126
13563
39549
19774
42655
21327
10663
5331
35433
17716
41626
20813
43174
21587
43561
21780
10890
5445
2722
1361
680
340
170
32853
16426
40981
20490
10245
5122
35329
17664
8832
4416
2208
33872
16936
8468
4234
2117
1058
529
264
32900
16450
40993
53264
26632
46084
23042
44289
22144
11072
5536
35536
17768
8884
37210
18605
9302
37419
51477
25738
12869
6434
3217
1608
33572
49554
57545
61540
63538
31769
48652
57094
61315
63425
31712
48624
57080
28540
14270
39903
19951
42743
21371
43453
21726
10863
38199
19099
9549
37542
18771
42153
21076
10538
38037
19018
9509
37522
51529
58532
62034
63785
31892
15946
7973
36754
51145
58340
61938
30969
15484
7742
36639
18319
9159
37347
18673
42104
21052
10526
5263
2631
34083
17041
8520
37028
51282
58409
29204
14602
7301
3650
34593
50064
25032
45284
55410
27705
13852
39694
19847
42691
54113
59824
62680
64108
32054
16027
8013
36774
18387
41961
20980
43258
54397
27198
46367
23183
11591
38563
19281
9640
4820
2410
33973
49754
24877
12438
38987
19493
42514
54025
59780
29890
47713
56624
61080
63308
64422
32211
48873
24436
44986
55261
60398
62967
31483
48509
24254
44895
22447
43991
54763
60149
62842
64189
32094
16047
40791
53163
59349
29674
47605
56570
61053
30526
48031
24015
12007
6003
3001
1500
33518
49527
24763
45149
55342
60439
62987
31493
15746
40641
20320
42928
54232
59884
29942
14971
40253
20126
10063
5031
2515
34025
17012
41274
53405
59470
29735
14867
40201
52868
26434
45985
55760
27880
13940
39738
52637
59086
29543
14771
7385
36460
18230
9115
4557
35046
17523
8761
4380
34958
17479
41507
20753
10376
37956
18978
9489
4744
35140
17570
8785
4392
2196
1098
549
33042
49289
57412
28706
14353
7176
36356
18178
41857
20928
10464
38000
51768
25884
45710
22855
44195
22097
11048
5524
2762
1381
33458
16729
41132
20566
43051
54293
27146
13573
6786
36161
18080
41808
20904
10452
5226
35381
50458
25229
45382
55459
27729
13864
6932
3466
1733
866
433
32984
49260
24630
12315
6157
35846
50691
58113
29056
14528
7264
36400
50968
58252
61894
63715
31857
48696
24348
44942
22471
44003
22001
43768
21884
10942
38239
19119
42327
53931
59733
29866
47701
23850
44693
22346
11173
38354
51945
25972
45754
55645
60590
63063
64299
64917
32458
16229
40882
20441
42988
21494
10747
38141
19070
42303
53919
26959
13479
6739
36137
18068
9034
4517
35026
50281
25140
45338
22669
44102
54819
27409
13704
39620
19810
9905
37720
51628
25814
45675
55605
60570
30285
47910
23955
44745
55140
60338
30169
47852
23926
11963
38749
52142
58839
62187
63861
64698
65117
65326
65431
65483
32741
49138
24569
12284
6142
35839
50687
58111
61823
63679
64607
32303
48919
57227
28613
14306
7153
36344
18172
9086
37311
51423
25711
45623
22811
11405
38470
52003
26001
13000
39268
52402
26201
45868
22934
44235
22117
43826
21913
43724
54630
27315
13657
39596
19798
42667
54101
27050
46293
23146
44341
54938
27469
46502
23251
44393
22196
43866
21933
10966
38251
51893
58714
29357
14678
40107
52821
26410
45973
22986
11493
38514
19257
9628
37582
18791
9395
4697
35116
17558
41547
20773
43154
54345
59940
62738
64137
64836
32418
16209
8104
4052
2026
33781
49658
57597
28798
47167
56351
28175
14087
39811
52673
26336
45936
55736
27868
46702
56119
28059
14029
39782
19891
9945
37740
18870
9435
4717
2358
1179
589
33062
16531
41033
53284
59410
62473
64004
32002
48769
24384
12192
38864
19432
9716
37626
51581
25790
45663
22831
44183
54859
27429
46482
56009
60772
63154
31577
48556
24278
44907
55221
60378
30189
15094
7547
36541
18270
9135
37335
51435
58485
62010
63773
64654
32327
48931
24465
12232
38884
52210
26105
13052
6526
36031
50783
25391
45463
55499
27749
46642
23321
44428
54982
60259
30129
47832
56684
28342
14171
7085
3542
34539
50037
57786
61661
63598
64567
32283
16141
40838
53187
59361
62448
63992
31996
15998
40767
53151
26575
13287
6643
3321
1660
830
33183
16591
8295
4147
2073
33804
49670
57603
61569
30784
15392
40464
20232
42884
21442
43489
54512
60024
30012
15006
7503
3751
1875
33705
16852
8426
36981
51258
58397
61966
30983
48259
56897
28448
46992
23496
44516
55026
27513
13756
6878
3439
34487
17243
8621
4310
34923
50229
57882
28941
47238
56387
60961
63248
31624
48580
24290
12145
38840
19420
42478
54007
27003
46269
23134
11567
38551
52043
26021
45778
55657
27828
46682
23341
11670
38603
19301
42418
21209
43372
21686
10843
5421
2710
34123
17061
41298
53417
26708
13354
39445
19722
9861
4930
35233
50384
25192
12596
39066
19533
42534
21267
43401
54468
27234
13617
39576
52556
59046
29523
47529
23764
11882
38709
52122
26061
45798
22899
11449
5724
35630
50583
58059
29029
47282
23641
44588
22294
43915
21957
10978
5489
35512
17756
41646
53591
59563
62549
31274
48405
24202
12101
6050
3025
1512
756
33146
49341
24670
12335
38935
52235
26117
13058
39297
19648
9824
37680
51608
58572
62054
31027
15513
40524
53030
26515
46025
55780
60658
30329
15164
7582
3791
1895
947
473
33004
16502
8251
36893
51214
25607
45571
55553
27776
13888
6944
36240
18120
41828
53682
26841
46188
23094
11547
5773
35654
50595
25297
12648
6324
35930
17965
8982
37259
18629
9314
4657
35096
50316
57926
61731
30865
15432
40484
53010
59273
62404
31202
15601
40568
20284
10142
5071
2535
1267
633
316
158
79
39
19
32777
49156
24578
45057
22528
11264
5632
2816
1408
704
352
32944
49240
57388
28694
47115
23557
11778
38657
19328
9664
4832
35184
50360
25180
45358
55447
60491
30245
47890
56713
61124
30562
15281
40408
52972
26486
13243
39389
52462
58999
29499
47517
56526
28263
14131
7065
36300
50918
25459
12729
6364
35950
50743
25371
12685
39110
52323
26161
45848
55692
60614
63075
31537
48536
57036
61286
30643
15321
40428
20214
10107
37821
18910
9455
37495
18747
42141
53838
26919
13459
39497
52516
59026
62281
63908
64722
65129
32564
49050
24525
45030
22515
11257
5628
2814
34175
49855
57695
28847
47191
56363
60949
30474
15237
7618
36577
51056
58296
29148
47342
56439
28219
46877
56206
28103
46819
23409
44472
22236
43886
54711
27355
13677
6838
3419
1709
854
33195
49365
24682
45109
55322
27661
46598
56067
60801
30400
15200
40368
52952
59244
29622
14811
7405
3702
1851
33693
49614
24807
12403
6201
3100
34318
17159
41347
53441
26720
46128
55832
60684
63110
64323
64929
65232
32616
16308
40922
20461
10230
5115
35325
17662
41599
53567
59551
29775
14887
7443
36489
51012
25506
12753
6376
3188
34362
49949
57742
28871
47203
23601
44568
55052
60294
62915
64225
64880
65208
32604
49070
57303
61419
63477
64506
65021
32510
49023
57279
61407
30703
48119
24059
44797
22398
43967
54751
27375
46455
23227
44381
54958
60247
62891
64213
32106
48821
57178
28589
14294
39915
52725
59130
62333
31166
48351
24175
44855
22427
11213
38374
19187
9593
4796
2398
1199
33367
49451
57493
28746
14373
39954
52745
59140
29570
47553
23776
44656
55096
27548
46542
23271
11635
5817
2908
34222
49879
57707
61621
63578
31789
15894
40715
20357
10178
37857
51696
58616
29308
14654
40095
20047
10023
5011
35273
50404
57970
28985
14492
40014
20007
10003
37769
51652
25826
12913
39224
19612
42574
21287
10643
38089
51812
58674
29337
47436
56486
28243
46889
23444
11722
5861
35698
17849
8924
37230
51383
25691
12845
6422
35979
17989
8994
4497
2248
33892
49714
24857
45196
55366
60451
30225
15112
40324
20162
42849
54192
59864
62700
31350
15675
40605
53070
26535
13267
39401
19700
42618
54077
27038
13519
6759
3379
1689
33612
49574
24787
45161
22580
44058
22029
43782
54659
60097
30048
47792
56664
61100
30550
48043
56789
28394
46965
56250
60893
63214
64375
32187
48861
57198
61367
30683
15341
7670
3835
34685
17342
41439
20719
43127
21563
43549
54542
27271
46403
55969
60752
30376
15188
7594
36565
18282
41909
53722
26861
13430
6715
36125
50830
25415
45475
22737
11368
5684
35610
17805
41670
53603
26801
46168
55852
27926
46731
23365
11682
5841
2920
1460
33498
16749
8374
4187
2093
1046
33291
16645
8322
36929
18464
42000
21000
43268
21634
43585
21792
43664
21832
43684
54610
60073
30036
15018
40277
20138
42837
21418
43477
21738
43637
54586
60061
62798
31399
15699
40617
20308
10154
37845
18922
42229
53882
59709
29854
14927
7463
3731
34633
50084
57810
61673
30836
48186
56861
61198
30599
48067
56801
61168
63352
31676
15838
7919
36727
18363
41949
53742
59639
29819
47677
23838
11919
5959
35747
17873
8936
4468
35002
50269
57902
61719
63627
31813
15906
7953
3976
34756
17378
8689
37112
18556
9278
37407
18703
9351
37443
51489
58512
29256
47396
56466
61001
63268
64402
64969
65252
65394
32697
16348
40942
53239
26619
46077
23038
44287
54911
60223
62879
31439
15719
7859
3929
34732
17366
41451
53493
59514
62525
31262
15631
7815
36675
51105
58320
29160
14580
40058
52797
26398
13199
6599
36067
18033
41784
20892
43214
21607
10803
5401
35468
50502
58019
29009
14504
7252
3626
34581
17290
8645
4322
2161
33848
16924
41230
20615
43075
54305
59920
29960
47748
23874
44705
55120
27560
13780
6890
36213
50874
58205
61870
63703
64619
65077
65306
32653
49094
57315
28657
47096
23548
11774
38655
52095
58815
62175
31087
48311
24155
12077
6038
35787
17893
41714
20857
10428
5214
2607
34071
49803
24901
12450
6225
3112
1556
778
389
194
32865
49200
57368
61452
63494
64515
65025
32512
16256
8128
4064
34800
50168
25084
12542
39039
52287
58911
29455
14727
40131
52833
59184
62360
63948
64742
32371
16185
8092
36814
18407
9203
4601
2300
1150
33343
49439
24719
12359
38947
19473
9736
37636
18818
42177
21088
43312
54424
59980
62758
31379
48457
56996
61266
63401
31700
15850
40693
53114
59325
29662
14831
40183
20091
42813
21406
10703
5351
2675
1337
668
33102
16551
8275
36905
18452
9226
4613
2306
33921
16960
8480
37008
18504
42020
53778
59657
62596
31298
48417
56976
28488
47012
56274
60905
30452
47994
56765
28382
14191
39863
19931
9965
4982
2491
34013
49774
57655
28827
14413
39974
19987
42761
54148
27074
46305
55920
60728
30364
47950
23975
11987
38761
19380
42458
21229
10614
5307
35421
50478
58007
61771
30885
48210
56873
28436
14218
7109
3554
1777
33656
16828
8414
4207
34871
17435
8717
37126
51331
58433
29216
47376
23688
44612
22306
11153
5576
35556
50546
25273
12636
39086
52311
58923
62229
31114
15557
7778
3889
34712
50124
57830
28915
14457
7228
3614
1807
903
33219
49377
57456
61496
30748
48142
24071
44803
55169
27584
13792
39664
52600
26300
13150
6575
36055
50795
58165
61850
30925
48230
24115
12057
38796
52166
58851
29425
47480
23740
11870
5935
35735
50635
25317
45426
22713
11356
38446
51991
58763
29381
14690
7345
36440
50988
25494
45515
22757
44146
22073
11036
38286
19143
42339
21169
43352
54444
27222
46379
55957
27978
13989
39762
52649
26324
13162
39349
52442
26221
13110
6555
3277
34406
17203
8601
37068
51302
25651
12825
39180
52358
58947
62241
63888
31944
48740
57138
28569
47052
56294
28147
14073
7036
3518
34527
17263
41399
20699
10349
5174
2587
1293
33414
49475
57505
61520
30760
15380
7690
3845
1922
33729
16864
41200
53368
26684
13342
6671
3335
34435
49985
24992
45264
22632
11316
38426
19213
42374
53955
59745
62640
64088
64812
32406
48971
24485
45010
55273
27636
46586
56061
28030
46783
56159
28079
46807
56171
60853
63194
31597
15798
7899
3949
1974
987
493
246
123
32829
16414
8207
4103
34819
50177
25088
12544
6272
3136
1568
33552
16776
41156
20578
10289
37912
51724
58630
62083
63809
31904
48720
24360
12180
6090
3045
34290
17145
8572
4286
34911
17455
41495
53515
26757
13378
39457
52496
26248
45892
22946
11473
5736
2868
34202
17101
41318
20659
10329
37932
18966
42251
21125
10562
38049
51792
25896
12948
6474
3237
34386
49961
24980
12490
6245
35890
17945
41740
53638
59587
62561
64048
64792
65164
65350
65443
32721
16360
8180
36858
51197
25598
45567
55551
60543
63039
64287
32143
16071
40803
20401
42968
54252
27126
13563
39549
19774
42655
21327
10663
5331
35433
17716
41626
20813
43174
21587
43561
21780
10890
5445
2722
1361
680
340
170
32853
16426
40981
20490
10245
5122
35329
17664
8832
4416
2208
33872
16936
8468
4234
2117
1058
529
264
32900
16450
40993
53264
26632
46084
23042
44289
22144
11072
5536
35536
17768
8884
37210
18605
9302
37419
51477
25738
12869
6434
3217
1608
33572
49554
57545
61540
63538
31769
48652
57094
61315
63425
31712
48624
57080
28540
14270
39903
19951
42743
21371
43453
21726
10863
38199
19099
9549
37542
18771
42153
21076
10538
38037
19018
9509
37522
51529
58532
62034
63785
31892
15946
7973
36754
51145
58340
61938
30969
15484
7742
36639
18319
9159
37347
18673
42104
21052
10526
5263
2631
34083
17041
8520
37028
51282
58409
29204
14602
7301
3650
34593
50064
25032
45284
55410
27705
13852
39694
19847
42691
54113
59824
62680
64108
32054
16027
8013
36774
18387
41961
20980
43258
54397
27198
46367
23183
11591
38563
19281
9640
4820
2410
33973
49754
24877
12438
38987
19493
42514
54025
59780
29890
47713
56624
61080
63308
64422
32211
48873
24436
44986
55261
60398
62967
31483
48509
24254
44895
22447
43991
54763
60149
62842
64189
32094
16047
40791
53163
59349
29674
47605
56570
61053
30526
48031
24015
12007
6003
3001
1500
33518
49527
24763
45149
55342
60439
62987
31493
15746
40641
20320
42928
54232
59884
29942
14971
40253
20126
10063
5031
2515
34025
17012
41274
53405
59470
29735
14867
40201
52868
26434
45985
55760
27880
13940
39738
52637
59086
29543
14771
7385
36460
18230
9115
4557
35046
17523
8761
4380
34958
17479
41507
20753
10376
37956
18978
9489
4744
35140
17570
8785
4392
2196
1098
549
33042
49289
57412
28706
14353
7176
36356
18178
41857
20928
10464
38000
51768
25884
45710
22855
44195
22097
11048
5524
2762
1381
33458
16729
41132
20566
43051
54293
27146
13573
6786
36161
18080
41808
20904
10452
5226
35381
50458
25229
45382
55459
27729
13864
6932
3466
1733
866
433
32984
49260
24630
12315
6157
35846
50691
58113
29056
14528
7264
36400
50968
58252
61894
63715
31857
48696
24348
44942
22471
44003
22001
43768
21884
10942
38239
19119
42327
53931
59733
29866
47701
23850
44693
22346
11173
38354
51945
25972
45754
55645
60590
63063
64299
64917
32458
16229
40882
20441
42988
21494
10747
38141
19070
42303
53919
26959
13479
6739
36137
18068
9034
4517
35026
50281
25140
45338
22669
44102
54819
27409
13704
39620
19810
9905
37720
51628
25814
45675
55605
60570
30285
47910
23955
44745
55140
60338
30169
47852
23926
11963
38749
52142
58839
62187
63861
64698
65117
65326
65431
65483
32741
49138
24569
12284
6142
35839
50687
58111
61823
63679
64607
32303
48919
57227
28613
14306
7153
36344
18172
9086
37311
51423
25711
45623
22811
11405
38470
52003
26001
13000
39268
52402
26201
45868
22934
44235
22117
43826
21913
43724
54630
27315
13657
39596
19798
42667
54101
27050
46293
23146
44341
54938
27469
46502
23251
44393
22196
43866
21933
10966
38251
51893
58714
29357
14678
40107
52821
26410
45973
22986
11493
38514
19257
9628
37582
18791
9395
4697
35116
17558
41547
20773
43154
54345
59940
62738
64137
64836
32418
16209
8104
4052
2026
33781
49658
57597
28798
47167
56351
28175
14087
39811
52673
26336
45936
55736
27868
46702
56119
28059
14029
39782
19891
9945
37740
18870
9435
4717
2358
1179
589
33062
16531
41033
53284
59410
62473
64004
32002
48769
24384
12192
38864
19432
9716
37626
51581
25790
45663
22831
44183
54859
27429
46482
56009
60772
63154
31577
48556
24278
44907
55221
60378
30189
15094
7547
36541
18270
9135
37335
51435
58485
62010
63773
64654
32327
48931
24465
12232
38884
52210
26105
13052
6526
36031
50783
25391
45463
55499
27749
46642
23321
44428
54982
60259
30129
47832
56684
28342
14171
7085
3542
34539
50037
57786
61661
63598
64567
32283
16141
40838
53187
59361
62448
63992
31996
15998
40767
53151
26575
13287
6643
3321
1660
830
33183
16591
8295
4147
2073
33804
49670
57603
61569
30784
15392
40464
20232
42884
21442
43489
54512
60024
30012
15006
7503
3751
1875
33705
16852
8426
36981
51258
58397
61966
30983
48259
56897
28448
46992
23496
44516
55026
27513
13756
6878
3439
34487
17243
8621
4310
34923
50229
57882
28941
47238
56387
60961
63248
31624
48580
24290
12145
38840
19420
42478
54007
27003
46269
23134
11567
38551
52043
26021
45778
55657
27828
46682
23341
11670
38603
19301
42418
21209
43372
21686
10843
5421
2710
34123
17061
41298
53417
26708
13354
39445
19722
9861
4930
35233
50384
25192
12596
39066
19533
42534
21267
43401
54468
27234
13617
39576
52556
59046
29523
47529
23764
11882
38709
52122
26061
45798
22899
11449
5724
35630
50583
58059
29029
47282
23641
44588
22294
43915
21957
10978
5489
35512
17756
41646
53591
59563
62549
31274
48405
24202
12101
6050
3025
1512
756
33146
49341
24670
12335
38935
52235
26117
13058
39297
19648
9824
37680
51608
58572
62054
31027
15513
40524
53030
26515
46025
55780
60658
30329
15164
7582
3791
1895
947
473
33004
16502
8251
36893
51214
25607
45571
55553
27776
13888
6944
36240
18120
41828
53682
26841
46188
23094
11547
5773
35654
50595
25297
12648
6324
35930
17965
8982
37259
18629
9314
4657
35096
50316
57926
61731
30865
15432
40484
53010
59273
62404
31202
15601
40568
20284
10142
5071
2535
1267
633
316
158
79
39
19
32777
49156
24578
45057
22528
11264
5632
2816
1408
704
352
32944
49240
57388
28694
47115
23557
11778
38657
19328
9664
4832
35184
50360
25180
45358
55447
60491
30245
47890
56713
61124
30562
15281
40408
52972
26486
13243
39389
52462
58999
29499
47517
56526
28263
14131
7065
36300
50918
25459
12729
6364
35950
50743
25371
12685
39110
52323
26161
45848
55692
60614
63075
31537
48536
57036
61286
30643
15321
40428
20214
10107
37821
18910
9455
37495
18747
42141
53838
26919
13459
39497
52516
59026
62281
63908
64722
65129
32564
49050
24525
45030
22515
11257
5628
2814
34175
49855
57695
28847
47191
56363
60949
30474
15237
7618
36577
51056
58296
29148
47342
56439
28219
46877
56206
28103
46819
23409
44472
22236
43886
54711
27355
13677
6838
3419
1709
854
33195
49365
24682
45109
55322
27661
46598
56067
60801
30400
15200
40368
52952
59244
29622
14811
7405
3702
1851
33693
49614
24807
12403
6201
3100
34318
17159
41347
53441
26720
46128
55832
60684
63110
64323
64929
65232
32616
16308
40922
20461
10230
5115
35325
17662
41599
53567
59551
29775
14887
7443
36489
51012
25506
12753
6376
3188
34362
49949
57742
28871
47203
23601
44568
55052
60294
62915
64225
64880
65208
32604
49070
57303
61419
63477
64506
65021
32510
49023
57279
61407
30703
48119
24059
44797
22398
43967
54751
27375
46455
23227
44381
54958
60247
62891
64213
32106
48821
57178
28589
14294
39915
52725
59130
62333
31166
48351
24175
44855
22427
11213
38374
19187
9593
4796
2398
1199
33367
49451
57493
28746
14373
39954
52745
59140
29570
47553
23776
44656
55096
27548
46542
23271
11635
5817
2908
34222
49879
57707
61621
63578
31789
15894
40715
20357
10178
37857
51696
58616
29308
14654
40095
20047
10023
5011
35273
50404
57970
28985
14492
40014
20007
10003
37769
51652
25826
12913
39224
19612
42574
21287
10643
38089
51812
58674
29337
47436
56486
28243
46889
23444
11722
5861
35698
17849
8924
37230
51383
25691
12845
6422
35979
17989
8994
4497
2248
33892
49714
24857
45196
55366
60451
30225
15112
40324
20162
42849
54192
59864
62700
31350
15675
40605
53070
26535
13267
39401
19700
42618
54077
27038
13519
6759
3379
1689
33612
49574
24787
45161
22580
44058
22029
43782
54659
60097
30048
47792
56664
61100
30550
48043
56789
28394
46965
56250
60893
63214
64375
32187
48861
57198
61367
30683
15341
7670
3835
34685
17342
41439
20719
43127
21563
43549
54542
27271
46403
55969
60752
30376
15188
7594
36565
18282
41909
53722
26861
13430
6715
36125
50830
25415
45475
22737
11368
5684
35610
17805
41670
53603
26801
46168
55852
27926
46731
23365
11682
5841
2920
1460
33498
16749
8374
4187
2093
1046
33291
16645
8322
36929
18464
42000
21000
43268
21634
43585
21792
43664
21832
43684
54610
60073
30036
15018
40277
20138
42837
21418
43477
21738
43637
54586
60061
62798
31399
15699
40617
20308
10154
37845
18922
42229
53882
59709
29854
14927
7463
3731
34633
50084
57810
61673
30836
48186
56861
61198
30599
48067
56801
61168
63352
31676
15838
7919
36727
18363
41949
53742
59639
29819
47677
23838
11919
5959
35747
17873
8936
4468
35002
50269
57902
61719
63627
31813
15906
7953
3976
34756
17378
8689
37112
18556
9278
37407
18703
9351
37443
51489
58512
29256
47396
56466
61001
63268
64402
64969
65252
65394
32697
16348
40942
53239
26619
46077
23038
44287
54911
60223
62879
31439
15719
7859
3929
34732
17366
41451
53493
59514
62525
31262
15631
7815
36675
51105
58320
29160
14580
40058
52797
26398
13199
6599
36067
18033
41784
20892
43214
21607
10803
5401
35468
50502
58019
29009
14504
7252
3626
34581
17290
8645
4322
2161
33848
16924
41230
20615
43075
54305
59920
29960
47748
23874
44705
55120
27560
13780
6890
36213
50874
58205
61870
63703
64619
65077
65306
32653
49094
57315
28657
47096
23548
11774
38655
52095
58815
62175
31087
48311
24155
12077
6038
35787
17893
41714
20857
10428
5214
2607
34071
49803
24901
12450
6225
3112
1556
778
389
194
32865
49200
57368
61452
63494
64515
65025
32512
16256
8128
4064
34800
50168
25084
12542
39039
52287
58911
29455
14727
40131
52833
59184
62360
63948
64742
32371
16185
8092
36814
18407
9203
4601
2300
1150
33343
49439
24719
12359
38947
19473
9736
37636
18818
42177
21088
43312
54424
59980
62758
31379
48457
56996
61266
63401
31700
15850
40693
53114
59325
29662
14831
40183
20091
42813
21406
10703
5351
2675
1337
668
33102
16551
8275
36905
18452
9226
4613
2306
33921
16960
8480
37008
18504
42020
53778
59657
62596
31298
48417
56976
28488
47012
56274
60905
30452
47994
56765
28382
14191
39863
19931
9965
4982
2491
34013
49774
57655
28827
14413
39974
19987
42761
54148
27074
46305
55920
60728
30364
47950
23975
11987
38761
19380
42458
21229
10614
5307
35421
50478
58007
61771
30885
48210
56873
28436
14218
7109
3554
1777
33656
16828
8414
4207
34871
17435
8717
37126
51331
58433
29216
47376
23688
44612
22306
11153
5576
35556
50546
25273
12636
39086
52311
58923
62229
31114
15557
7778
3889
34712
50124
57830
28915
14457
7228
3614
1807
903
33219
49377
57456
61496
30748
48142
24071
44803
55169
27584
13792
39664
52600
26300
13150
6575
36055
50795
58165
61850
30925
48230
24115
12057
38796
52166
58851
29425
47480
23740
11870
5935
35735
50635
25317
45426
22713
11356
38446
51991
58763
29381
14690
7345
36440
50988
25494
45515
22757
44146
22073
11036
38286
19143
42339
21169
43352
54444
27222
46379
55957
27978
13989
39762
52649
26324
13162
39349
52442
26221
13110
6555
3277
34406
17203
8601
37068
51302
25651
12825
39180
52358
58947
62241
63888
31944
48740
57138
28569
47052
56294
28147
14073
7036
3518
34527
17263
41399
20699
10349
5174
2587
1293
33414
49475
57505
61520
30760
15380
7690
3845
1922
33729
16864
41200
53368
26684
13342
6671
3335
34435
49985
24992
45264
22632
11316
38426
19213
42374
53955
59745
62640
64088
64812
32406
48971
24485
45010
55273
27636
46586
56061
28030
46783
56159
28079
46807
56171
60853
63194
31597
15798
7899
3949
1974
987
493
246
123
32829
16414
8207
4103
34819
50177
25088
12544
6272
3136
1568
33552
16776
41156
20578
10289
37912
51724
58630
62083
63809
31904
48720
24360
12180
6090
3045
34290
17145
8572
4286
34911
17455
41495
53515
26757
13378
39457
52496
26248
45892
22946
11473
5736
2868
34202
17101
41318
20659
10329
37932
18966
42251
21125
10562
38049
51792
25896
12948
6474
3237
34386
49961
24980
12490
6245
35890
17945
41740
53638
59587
62561
64048
64792
65164
65350
65443
32721
16360
8180
36858
51197
25598
45567
55551
60543
63039
64287
32143
16071
40803
20401
42968
54252
27126
13563
39549
19774
42655
21327
10663
5331
35433
17716
41626
20813
43174
21587
43561
21780
10890
5445
2722
1361
680
340
170
32853
16426
40981
20490
10245
5122
35329
17664
8832
4416
2208
33872
16936
8468
4234
2117
1058
529
264
32900
16450
40993
53264
26632
46084
23042
44289
22144
11072
5536
35536
17768
8884
37210
18605
9302
37419
51477
25738
12869
6434
3217
1608
33572
49554
57545
61540
63538
31769
48652
57094
61315
63425
31712
48624
57080
28540
14270
39903
19951
42743
21371
43453
21726
10863
38199
19099
9549
37542
18771
42153
21076
10538
38037
19018
9509
37522
51529
58532
62034
63785
31892
15946
7973
36754
51145
58340
61938
30969
15484
7742
36639
18319
9159
37347
18673
42104
21052
10526
5263
2631
34083
17041
8520
37028
51282
58409
29204
14602
7301
3650
34593
50064
25032
45284
55410
27705
13852
39694
19847
42691
54113
59824
62680
64108
32054
16027
8013
36774
18387
41961
20980
43258
54397
27198
46367
23183
11591
38563
19281
9640
4820
2410
33973
49754
24877
12438
38987
19493
42514
54025
59780
29890
47713
56624
61080
63308
64422
32211
48873
24436
44986
55261
60398
62967
31483
48509
24254
44895
22447
43991
54763
60149
62842
64189
32094
16047
40791
53163
59349
29674
47605
56570
61053
30526
48031
24015
12007
6003
3001
1500
33518
49527
24763
45149
55342
60439
62987
31493
15746
40641
20320
42928
54232
59884
29942
14971
40253
20126
10063
5031
2515
34025
17012
41274
53405
59470
29735
14867
40201
52868
26434
45985
55760
27880
13940
39738
52637
59086
29543
14771
7385
36460
18230
9115
4557
35046
17523
8761
4380
34958
17479
41507
20753
10376
37956
18978
9489
4744
35140
17570
8785
4392
2196
1098
549
33042
49289
57412
28706
14353
7176
36356
18178
41857
20928
10464
38000
51768
25884
45710
22855
44195
22097
11048
5524
2762
1381
33458
16729
41132
20566
43051
54293
27146
13573
6786
36161
18080
41808
20904
10452
5226
35381
50458
25229
45382
55459
27729
13864
6932
3466
1733
866
433
32984
49260
24630
12315
6157
35846
50691
58113
29056
14528
7264
36400
50968
58252
61894
63715
31857
48696
24348
44942
22471
44003
22001
43768
21884
10942
38239
19119
42327
53931
59733
29866
47701
23850
44693
22346
11173
38354
51945
25972
45754
55645
60590
63063
64299
64917
32458
16229
40882
20441
42988
21494
10747
38141
19070
42303
53919
26959
13479
6739
36137
18068
9034
4517
35026
50281
25140
45338
22669
44102
54819
27409
13704
39620
19810
9905
37720
51628
25814
45675
55605
60570
30285
47910
23955
44745
55140
60338
30169
47852
23926
11963
38749
52142
58839
62187
63861
64698
65117
65326
65431
65483
32741
49138
24569
12284
6142
35839
50687
58111
61823
63679
64607
32303
48919
57227
28613
14306
7153
36344
18172
9086
37311
51423
25711
45623
22811
11405
38470
52003
26001
13000
39268
52402
26201
45868
22934
44235
22117
43826
21913
43724
54630
27315
13657
39596
19798
42667
54101
27050
46293
23146
44341
54938
27469
46502
23251
44393
22196
43866
21933
10966
38251
51893
58714
29357
14678
40107
52821
26410
45973
22986
11493
38514
19257
9628
37582
18791
9395
4697
35116
17558
41547
20773
43154
54345
59940
62738
64137
64836
32418
16209
8104
4052
2026
33781
49658
57597
28798
47167
56351
28175
14087
39811
52673
26336
45936
55736
27868
46702
56119
28059
14029
39782
19891
9945
37740
18870
9435
4717
2358
1179
589
33062
16531
41033
53284
59410
62473
64004
32002
48769
24384
12192
38864
19432
9716
37626
51581
25790
45663
22831
44183
54859
27429
46482
56009
60772
63154
31577
48556
24278
44907
55221
60378
30189
15094
7547
36541
18270
9135
37335
51435
58485
62010
63773
64654
32327
48931
24465
12232
38884
52210
26105
13052
6526
36031
50783
25391
45463
55499
27749
46642
23321
44428
54982
60259
30129
47832
56684
28342
14171
7085
3542
34539
50037
57786
61661
63598
64567
32283
16141
40838
53187
59361
62448
63992
31996
15998
40767
53151
26575
13287
6643
3321
1660
830
33183
16591
8295
4147
2073
33804
49670
57603
61569
30784
15392
40464
20232
42884
21442
43489
54512
60024
30012
15006
7503
3751
1875
33705
16852
8426
36981
51258
58397
61966
30983
48259
56897
28448
46992
23496
44516
55026
27513
13756
6878
3439
34487
17243
8621
4310
34923
50229
57882
28941
47238
56387
60961
63248
31624
48580
24290
12145
38840
19420
42478
54007
27003
46269
23134
11567
38551
52043
26021
45778
55657
27828
46682
23341
11670
38603
19301
42418
21209
43372
21686
10843
5421
2710
34123
17061
41298
53417
26708
13354
39445
19722
9861
4930
35233
50384
25192
12596
39066
19533
42534
21267
43401
54468
27234
13617
39576
52556
59046
29523
47529
23764
11882
38709
52122
26061
45798
22899
11449
5724
35630
50583
58059
29029
47282
23641
44588
22294
43915
21957
10978
5489
35512
17756
41646
53591
59563
62549
31274
48405
24202
12101
6050
3025
1512
756
33146
49341
24670
12335
38935
52235
26117
13058
39297
19648
9824
37680
51608
58572
62054
31027
15513
40524
53030
26515
46025
55780
60658
30329
15164
7582
3791
1895
947
473
33004
16502
8251
36893
51214
25607
45571
55553
27776
13888
6944
36240
18120
41828
53682
26841
46188
23094
11547
5773
35654
50595
25297
12648
6324
35930
17965
8982
37259
18629
9314
4657
35096
50316
57926
61731
30865
15432
40484
53010
59273
62404
31202
15601
40568
20284
10142
5071
2535
1267
633
316
158
79
39
19
32777
49156
24578
45057
22528
11264
5632
2816
1408
704
352
32944
49240
57388
28694
47115
23557
11778
38657
19328
9664
4832
35184
50360
25180
45358
55447
60491
30245
47890
56713
61124
30562
15281
40408
52972
26486
13243
39389
52462
58999
29499
47517
56526
28263
14131
7065
36300
50918
25459
12729
6364
35950
50743
25371
12685
39110
52323
26161
45848
55692
60614
63075
31537
48536
57036
61286
30643
15321
40428
20214
10107
37821
18910
9455
37495
18747
42141
53838
26919
13459
39497
52516
59026
62281
63908
64722
65129
32564
49050
24525
45030
22515
11257
5628
2814
34175
49855
57695
28847
47191
56363
60949
30474
15237
7618
36577
51056
58296
29148
47342
56439
28219
46877
56206
28103
46819
23409
44472
22236
43886
54711
27355
13677
6838
3419
1709
854
33195
49365
24682
45109
55322
27661
46598
56067
60801
30400
15200
40368
52952
59244
29622
14811
7405
3702
1851
33693
49614
24807
12403
6201
3100
34318
17159
41347
53441
26720
46128
55832
60684
63110
64323
64929
65232
32616
16308
40922
20461
10230
5115
35325
17662
41599
53567
59551
29775
14887
7443
36489
51012
25506
12753
6376
3188
34362
49949
57742
28871
47203
23601
44568
55052
60294
62915
64225
64880
65208
32604
49070
57303
61419
63477
64506
65021
32510
49023
57279
61407
30703
48119
24059
44797
22398
43967
54751
27375
46455
23227
44381
54958
60247
62891
64213
32106
48821
57178
28589
14294
39915
52725
59130
62333
31166
48351
24175
44855
22427
11213
38374
19187
9593
4796
2398
1199
33367
49451
57493
28746
14373
39954
52745
59140
29570
47553
23776
44656
55096
27548
46542
23271
11635
5817
2908
34222
49879
57707
61621
63578
31789
15894
40715
20357
10178
37857
51696
58616
29308
14654
40095
20047
10023
5011
35273
50404
57970
28985
14492
40014
20007
10003
37769
51652
25826
12913
39224
19612
42574
21287
10643
38089
51812
58674
29337
47436
56486
28243
46889
23444
11722
5861
35698
17849
8924
37230
51383
25691
12845
6422
35979
17989
8994
4497
2248
33892
49714
24857
45196
55366
60451
30225
15112
40324
20162
42849
54192
59864
62700
31350
15675
40605
53070
26535
13267
39401
19700
42618
54077
27038
13519
6759
3379
1689
33612
49574
24787
45161
22580
44058
22029
43782
54659
60097
30048
47792
56664
61100
30550
48043
56789
28394
46965
56250
60893
63214
64375
32187
48861
57198
61367
30683
15341
7670
3835
34685
17342
41439
20719
43127
21563
43549
54542
27271
46403
55969
60752
30376
15188
7594
36565
18282
41909
53722
26861
13430
6715
36125
50830
25415
45475
22737
11368
5684
35610
17805
41670
53603
26801
46168
55852
27926
46731
23365
11682
5841
2920
1460
33498
16749
8374
4187
2093
1046
33291
16645
8322
36929
18464
42000
21000
43268
21634
43585
21792
43664
21832
43684
54610
60073
30036
15018
40277
20138
42837
21418
43477
21738
43637
54586
60061
62798
31399
15699
40617
20308
10154
37845
18922
42229
53882
59709
29854
14927
7463
3731
34633
50084
57810
61673
30836
48186
56861
61198
30599
48067
56801
61168
63352
31676
15838
7919
36727
18363
41949
53742
59639
29819
47677
23838
11919
5959
35747
17873
8936
4468
35002
50269
57902
61719
63627
31813
15906
7953
3976
34756
17378
8689
37112
18556
9278
37407
18703
9351
37443
51489
58512
29256
47396
56466
61001
63268
64402
64969
65252
65394
32697
16348
40942
53239
26619
46077
23038
44287
54911
60223
62879
31439
15719
7859
3929
34732
17366
41451
53493
59514
62525
31262
15631
7815
36675
51105
58320
29160
14580
40058
52797
26398
13199
6599
36067
18033
41784
20892
43214
21607
10803
5401
35468
50502
58019
29009
14504
7252
3626
34581
17290
8645
4322
2161
33848
16924
41230
20615
43075
54305
59920
29960
47748
23874
44705
55120
27560
13780
6890
36213
50874
58205
61870
63703
64619
65077
65306
32653
49094
57315
28657
47096
23548
11774
38655
52095
58815
62175
31087
48311
24155
12077
6038
35787
17893
41714
20857
10428
5214
2607
34071
49803
24901
12450
6225
3112
1556
778
389
194
32865
49200
57368
61452
63494
64515
65025
32512
16256
8128
4064
34800
50168
25084
12542
39039
52287
58911
29455
14727
40131
52833
59184
62360
63948
64742
32371
16185
8092
36814
18407
9203
4601
2300
1150
33343
49439
24719
12359
38947
19473
9736
37636
18818
42177
21088
43312
54424
59980
62758
31379
48457
56996
61266
63401
31700
15850
40693
53114
59325
29662
14831
40183
20091
42813
21406
10703
5351
2675
1337
668
33102
16551
8275
36905
18452
9226
4613
2306
33921
16960
8480
37008
18504
42020
53778
59657
62596
31298
48417
56976
28488
47012
56274
60905
30452
47994
56765
28382
14191
39863
19931
9965
4982
2491
34013
49774
57655
28827
14413
39974
19987
42761
54148
27074
46305
55920
60728
30364
47950
23975
11987
38761
19380
42458
21229
10614
5307
35421
50478
58007
61771
30885
48210
56873
28436
14218
7109
3554
1777
33656
16828
8414
4207
34871
17435
8717
37126
51331
58433
29216
47376
23688
44612
22306
11153
5576
35556
50546
25273
12636
39086
52311
58923
62229
31114
15557
7778
3889
34712
50124
57830
28915
14457
7228
3614
1807
903
33219
49377
57456
61496
30748
48142
24071
44803
55169
27584
13792
39664
52600
26300
13150
6575
36055
50795
58165
61850
30925
48230
24115
12057
38796
52166
58851
29425
47480
23740
11870
5935
35735
50635
25317
45426
22713
11356
38446
51991
58763
29381
14690
7345
36440
50988
25494
45515
22757
44146
22073
11036
38286
19143
42339
21169
43352
54444
27222
46379
55957
27978
13989
39762
52649
26324
13162
39349
52442
26221
13110
6555
3277
34406
17203
8601
37068
51302
25651
12825
39180
52358
58947
62241
63888
31944
48740
57138
28569
47052
56294
28147
14073
7036
3518
34527
17263
41399
20699
10349
5174
2587
1293
33414
49475
57505
61520
30760
15380
7690
3845
1922
33729
16864
41200
53368
26684
13342
6671
3335
34435
49985
24992
45264
22632
11316
38426
19213
42374
53955
59745
62640
64088
64812
32406
48971
24485
45010
55273
27636
46586
56061
28030
46783
56159
28079
46807
56171
60853
63194
31597
15798
7899
3949
1974
987
493
246
123
32829
16414
8207
4103
34819
50177
25088
12544
6272
3136
1568
33552
16776
41156
20578
10289
37912
51724
58630
62083
63809
31904
48720
24360
12180
6090
3045
34290
17145
8572
4286
34911
17455
41495
53515
26757
13378
39457
52496
26248
45892
22946
11473
5736
2868
34202
17101
41318
20659
10329
37932
18966
42251
21125
10562
38049
51792
25896
12948
6474
3237
34386
49961
24980
12490
6245
35890
17945
41740
53638
59587
62561
64048
64792
65164
65350
65443
32721
16360
8180
36858
51197
25598
45567
55551
60543
63039
64287
32143
16071
40803
20401
42968
54252
27126
13563
39549
19774
42655
21327
10663
5331
35433
17716
41626
20813
43174
21587
43561
21780
10890
5445
2722
1361
680
340
170
32853
16426
40981
20490
10245
5122
35329
17664
8832
4416
2208
33872
16936
8468
4234
2117
1058
529
264
32900
16450
40993
53264
26632
46084
23042
44289
22144
11072
5536
35536
17768
8884
37210
18605
9302
37419
51477
25738
12869
6434
3217
1608
33572
49554
57545
61540
63538
31769
48652
57094
61315
63425
31712
48624
57080
28540
14270
39903
19951
42743
21371
43453
21726
10863
38199
19099
9549
37542
18771
42153
21076
10538
38037
19018
9509
37522
51529
58532
62034
63785
31892
15946
7973
36754
51145
58340
61938
30969
15484
7742
36639
18319
9159
37347
18673
42104
21052
10526
5263
2631
34083
17041
8520
37028
51282
58409
29204
14602
7301
3650
34593
50064
25032
45284
55410
27705
13852
39694
19847
42691
54113
59824
62680
64108
32054
16027
8013
36774
18387
41961
20980
43258
54397
27198
46367
23183
11591
38563
19281
9640
4820
2410
33973
49754
24877
12438
38987
19493
42514
54025
59780
29890
47713
56624
61080
63308
64422
32211
48873
24436
44986
55261
60398
62967
31483
48509
24254
44895
22447
43991
54763
60149
62842
64189
32094
16047
40791
53163
59349
29674
47605
56570
61053
30526
48031
24015
12007
6003
3001
1500
33518
49527
24763
45149
55342
60439
62987
31493
15746
40641
20320
42928
54232
59884
29942
14971
40253
20126
10063
5031
2515
34025
17012
41274
53405
59470
29735
14867
40201
52868
26434
45985
55760
27880
13940
39738
52637
59086
29543
14771
7385
36460
18230
9115
4557
35046
17523
8761
4380
34958
17479
41507
20753
10376
37956
18978
9489
4744
35140
17570
8785
4392
2196
1098
549
33042
49289
57412
28706
14353
7176
36356
18178
41857
20928
10464
38000
51768
25884
45710
22855
44195
22097
11048
5524
2762
1381
33458
16729
41132
20566
43051
54293
27146
13573
6786
36161
18080
41808
20904
10452
5226
35381
50458
25229
45382
55459
27729
13864
6932
3466
1733
866
433
32984
49260
24630
12315
6157
35846
50691
58113
29056
14528
7264
36400
50968
58252
61894
63715
31857
48696
24348
44942
22471
44003
22001
43768
21884
10942
38239
19119
42327
53931
59733
29866
47701
23850
44693
22346
11173
38354
51945
25972
45754
55645
60590
63063
64299
64917
32458
16229
40882
20441
42988
21494
10747
38141
19070
42303
53919
26959
13479
6739
36137
18068
9034
4517
35026
50281
25140
45338
22669
44102
54819
27409
13704
39620
19810
9905
37720
51628
25814
45675
55605
60570
30285
47910
23955
44745
55140
60338
30169
47852
23926
11963
38749
52142
58839
62187
63861
64698
65117
65326
65431
65483
32741
49138
24569
12284
6142
35839
50687
58111
61823
63679
64607
32303
48919
57227
28613
14306
7153
36344
18172
9086
37311
51423
25711
45623
22811
11405
38470
52003
26001
13000
39268
52402
26201
45868
22934
44235
22117
43826
21913
43724
54630
27315
13657
39596
19798
42667
54101
27050
46293
23146
44341
54938
27469
46502
23251
44393
22196
43866
21933
10966
38251
51893
58714
29357
14678
40107
52821
26410
45973
22986
11493
38514
19257
9628
37582
18791
9395
4697
35116
17558
41547
20773
43154
54345
59940
62738
64137
64836
32418
16209
8104
4052
2026
33781
49658
57597
28798
47167
56351
28175
14087
39811
52673
26336
45936
55736
27868
46702
56119
28059
14029
39782
19891
9945
37740
18870
9435
4717
2358
1179
589
33062
16531
41033
53284
59410
62473
64004
32002
48769
24384
12192
38864
19432
9716
37626
51581
25790
45663
22831
44183
54859
27429
46482
56009
60772
63154
31577
48556
24278
44907
55221
60378
30189
15094
7547
36541
18270
9135
37335
51435
58485
62010
63773
64654
32327
48931
24465
12232
38884
52210
26105
13052
6526
36031
50783
25391
45463
55499
27749
46642
23321
44428
54982
60259
30129
47832
56684
28342
14171
7085
3542
34539
50037
57786
61661
63598
64567
32283
16141
40838
53187
59361
62448
63992
31996
15998
40767
53151
26575
13287
6643
3321
1660
830
33183
16591
8295
4147
2073
33804
49670
57603
61569
30784
15392
40464
20232
42884
21442
43489
54512
60024
30012
15006
7503
3751
1875
33705
16852
8426
36981
51258
58397
61966
30983
48259
56897
28448
46992
23496
44516
55026
27513
13756
6878
3439
34487
17243
8621
4310
34923
50229
57882
28941
47238
56387
60961
63248
31624
48580
24290
12145
38840
19420
42478
54007
27003
46269
23134
11567
38551
52043
26021
45778
55657
27828
46682
23341
11670
38603
19301
42418
21209
43372
21686
10843
5421
2710
34123
17061
41298
53417
26708
13354
39445
19722
9861
4930
35233
50384
25192
12596
39066
19533
42534
21267
43401
54468
27234
13617
39576
52556
59046
29523
47529
23764
11882
38709
52122
26061
45798
22899
11449
5724
35630
50583
58059
29029
47282
23641
44588
22294
43915
21957
10978
5489
35512
17756
41646
53591
59563
62549
31274
48405
24202
12101
6050
3025
1512
756
33146
49341
24670
12335
38935
52235
26117
13058
39297
19648
9824
37680
51608
58572
62054
31027
15513
40524
53030
26515
46025
55780
60658
30329
15164
7582
3791
1895
947
473
33004
16502
8251
36893
51214
25607
45571
55553
27776
13888
6944
36240
18120
41828
53682
26841
46188
23094
11547
5773
35654
50595
25297
12648
6324
35930
17965
8982
37259
18629
9314
4657
35096
50316
57926
61731
30865
15432
40484
53010
59273
62404
31202
15601
40568
20284
10142
5071
2535
1267
633
316
158
79
39
19
32777
49156
24578
45057
22528
11264
5632
2816
1408
704
352
32944
49240
57388
28694
47115
23557
11778
38657
19328
9664
4832
35184
50360
25180
45358
55447
60491
30245
47890
56713
61124
30562
15281
40408
52972
26486
13243
39389
52462
58999
29499
47517
56526
28263
14131
7065
36300
50918
25459
12729
6364
35950
50743
25371
12685
39110
52323
26161
45848
55692
60614
63075
31537
48536
57036
61286
30643
15321
40428
20214
10107
37821
18910
9455
37495
18747
42141
53838
26919
13459
39497
52516
59026
62281
63908
64722
65129
32564
49050
24525
45030
22515
11257
5628
2814
34175
49855
57695
28847
47191
56363
60949
30474
15237
7618
36577
51056
58296
29148
47342
56439
28219
46877
56206
28103
46819
23409
44472
22236
43886
54711
27355
13677
6838
3419
1709
854
33195
49365
24682
45109
55322
27661
46598
56067
60801
30400
15200
40368
52952
59244
29622
14811
7405
3702
1851
33693
49614
24807
12403
6201
3100
34318
17159
41347
53441
26720
46128
55832
60684
63110
64323
64929
65232
32616
16308
40922
20461
10230
5115
35325
17662
41599
53567
59551
29775
14887
7443
36489
51012
25506
12753
6376
3188
34362
49949
57742
28871
47203
23601
44568
55052
60294
62915
64225
64880
65208
32604
49070
57303
61419
63477
64506
65021
32510
49023
57279
61407
30703
48119
24059
44797
22398
43967
54751
27375
46455
23227
44381
54958
60247
62891
64213
32106
48821
57178
28589
14294
39915
52725
59130
62333
31166
48351
24175
44855
22427
11213
38374
19187
9593
4796
2398
1199
33367
49451
57493
28746
14373
39954
52745
59140
29570
47553
23776
44656
55096
27548
46542
23271
11635
5817
2908
34222
49879
57707
61621
63578
31789
15894
40715
20357
10178
37857
51696
58616
29308
14654
40095
20047
10023
5011
35273
50404
57970
28985
14492
40014
20007
10003
37769
51652
25826
12913
39224
19612
42574
21287
10643
38089
51812
58674
29337
47436
56486
28243
46889
23444
11722
5861
35698
17849
8924
37230
51383
25691
12845
6422
35979
17989
8994
4497
2248
33892
49714
24857
45196
55366
60451
30225
15112
40324
20162
42849
54192
59864
62700
31350
15675
40605
53070
26535
13267
39401
19700
42618
54077
27038
13519
6759
3379
1689
33612
49574
24787
45161
22580
44058
22029
43782
54659
60097
30048
47792
56664
61100
30550
48043
56789
28394
46965
56250
60893
63214
64375
32187
48861
57198
61367
30683
15341
7670
3835
34685
17342
41439
20719
43127
21563
43549
54542
27271
46403
55969
60752
30376
15188
7594
36565
18282
41909
53722
26861
13430
6715
36125
50830
25415
45475
22737
11368
5684
35610
17805
41670
53603
26801
46168
55852
27926
46731
23365
11682
5841
2920
1460
33498
16749
8374
4187
2093
1046
33291
16645
8322
36929
18464
42000
21000
43268
21634
43585
21792
43664
21832
43684
54610
60073
30036
15018
40277
20138
42837
21418
43477
21738
43637
54586
60061
62798
31399
15699
40617
20308
10154
37845
18922
42229
53882
59709
29854
14927
7463
3731
34633
50084
57810
61673
30836
48186
56861
61198
30599
48067
56801
61168
63352
31676
15838
7919
36727
18363
41949
53742
59639
29819
47677
23838
11919
5959
35747
17873
8936
4468
35002
50269
57902
61719
63627
31813
15906
7953
3976
34756
17378
8689
37112
18556
9278
37407
18703
9351
37443
51489
58512
29256
47396
56466
61001
63268
64402
64969
65252
65394
32697
16348
40942
53239
26619
46077
23038
44287
54911
60223
62879
31439
15719
7859
3929
34732
17366
41451
53493
59514
62525
31262
15631
7815
36675
51105
58320
29160
14580
40058
52797
26398
13199
6599
36067
18033
41784
20892
43214
21607
10803
5401
35468
50502
58019
29009
14504
7252
3626
34581
17290
8645
4322
2161
33848
16924
41230
20615
43075
54305
59920
29960
47748
23874
44705
55120
27560
13780
6890
36213
50874
58205
61870
63703
64619
65077
65306
32653
49094
57315
28657
47096
23548
11774
38655
52095
58815
62175
31087
48311
24155
12077
6038
35787
17893
41714
20857
10428
5214
2607
34071
49803
24901
12450
6225
3112
1556
778
389
194
32865
49200
57368
61452
63494
64515
65025
32512
16256
8128
4064
34800
50168
25084
12542
39039
52287
58911
29455
14727
40131
52833
59184
62360
63948
64742
32371
16185
8092
36814
18407
9203
4601
2300
1150
33343
49439
24719
12359
38947
19473
9736
37636
18818
42177
21088
43312
54424
59980
62758
31379
48457
56996
61266
63401
31700
15850
40693
53114
59325
29662
14831
40183
20091
42813
21406
10703
5351
2675
1337
668
33102
16551
8275
36905
18452
9226
4613
2306
33921
16960
8480
37008
18504
42020
53778
59657
62596
31298
48417
56976
28488
47012
56274
60905
30452
47994
56765
28382
14191
39863
19931
9965
4982
2491
34013
49774
57655
28827
14413
39974
19987
42761
54148
27074
46305
55920
60728
30364
47950
23975
11987
38761
19380
42458
21229
10614
5307
35421
50478
58007
61771
30885
48210
56873
28436
14218
7109
3554
1777
33656
16828
8414
4207
34871
17435
8717
37126
51331
58433
29216
47376
23688
44612
22306
11153
5576
35556
50546
25273
12636
39086
52311
58923
62229
31114
15557
7778
3889
34712
50124
57830
28915
14457
7228
3614
1807
903
33219
49377
57456
61496
30748
48142
24071
44803
55169
27584
13792
39664
52600
26300
13150
6575
36055
50795
58165
61850
30925
48230
24115
12057
38796
52166
58851
29425
47480
23740
11870
5935
35735
50635
25317
45426
22713
11356
38446
51991
58763
29381
14690
7345
36440
50988
25494
45515
22757
44146
22073
11036
38286
19143
42339
21169
43352
54444
27222
46379
55957
27978
13989
39762
52649
26324
13162
39349
52442
26221
13110
6555
3277
34406
17203
8601
37068
51302
25651
12825
39180
52358
58947
62241
63888
31944
48740
57138
28569
47052
56294
28147
14073
7036
3518
34527
17263
41399
20699
10349
5174
2587
1293
33414
49475
57505
61520
30760
15380
7690
3845
1922
33729
16864
41200
53368
26684
13342
6671
3335
34435
49985
24992
45264
22632
11316
38426
19213
42374
53955
59745
62640
64088
64812
32406
48971
24485
45010
55273
27636
46586
56061
28030
46783
56159
28079
46807
56171
60853
63194
31597
15798
7899
3949
1974
987
493
246
123
32829
16414
8207
4103
34819
50177
25088
12544
6272
3136
1568
33552
16776
41156
20578
10289
37912
51724
58630
62083
63809
31904
48720
24360
12180
6090
3045
34290
17145
8572
4286
34911
17455
41495
53515
26757
13378
39457
52496
26248
45892
22946
11473
5736
2868
34202
17101
41318
20659
10329
37932
18966
42251
21125
10562
38049
51792
25896
12948
6474
3237
34386
49961
24980
12490
6245
35890
17945
41740
53638
59587
62561
64048
64792
65164
65350
65443
32721
16360
8180
36858
51197
25598
45567
55551
60543
63039
64287
32143
16071
40803
20401
42968
54252
27126
13563
39549
19774
42655
21327
10663
5331
35433
17716
41626
20813
43174
21587
43561
21780
10890
5445
2722
1361
680
340
170
32853
16426
40981
20490
10245
5122
35329
17664
8832
4416
2208
33872
16936
8468
4234
2117
1058
529
264
32900
16450
40993
53264
26632
46084
23042
44289
22144
11072
5536
35536
17768
8884
37210
18605
9302
37419
51477
25738
12869
6434
3217
1608
33572
49554
57545
61540
63538
31769
48652
57094
61315
63425
31712
48624
57080
28540
14270
39903
19951
42743
21371
43453
21726
10863
38199
19099
9549
37542
18771
42153
21076
10538
38037
19018
9509
37522
51529
58532
62034
63785
31892
15946
7973
36754
51145
58340
61938
30969
15484
7742
36639
18319
9159
37347
18673
42104
21052
10526
5263
2631
34083
17041
8520
37028
51282
58409
29204
14602
7301
3650
34593
50064
25032
45284
55410
27705
13852
