193308174
83284260
120105916
218045034
208856380
107475743
62726476
139846240
21322665
6601504
225031717
24896106
45894442
177772658
125806107
113933655
175491600
73246252
79341247
150972026
171391749
8712465
149786067
159765386
234027447
20598664
146441534
143304563
98026547
154726727
53750941
213910571
100488204
45530884
123038535
24182324
29229302
77792379
61337397
246652503
44505464
240491074
171549161
174060555
118995619
183986951
159668921
148473730
209448814
189274944
198376992
50143327
26076932
76791680
203701919
57010809
70694443
88577815
146928992
13496893
36101150
206232842
107852997
160651743
242651831
212788922
44194239
254054171
134989457
248745705
160828861
181471545
26022652
223544858
141649495
154486420
22169834
213120620
41939849
74091545
45881521
229588582
73562138
236212276
112937086
35773346
210104186
48048886
48769748
152081344
182564166
215656204
26558549
227377852
54303948
59084541
221245923
184298058
247896341
52510997
193580941
243065126
15378344
172095678
89092472
8437466
90922298
215496963
233579991
196467516
83224391
153400289
149185683
218232852
95042740
160989577
87530624
24700875
49921428
152522959
97293885
247760405
240385051
249071562
112677250
169844297
142212827
139443308
160963263
173816649
206721716
66747756
95566601
103130342
205997727
245607023
204411453
33439719
239638229
107694523
145811119
102929034
154917946
121408365
89791209
56269828
135623235
241287043
41641545
61604726
173942496
50699402
9631862
213648375
177063124
188989738
72991549
221880881
231648744
127219570
176630713
38169985
228291290
117886301
113205005
224680549
2244177
70019660
85786761
25658976
182618269
153107826
116857636
174221094
122525825
143848838
36477157
218955425
94062278
109917407
215657384
211490332
188673675
261552186
263239586
179377222
221958525
42445302
53981159
113123526
158814424
44088688
129322743
142996524
32727117
104245383
88518107
39320367
237049427
85038582
155637156
253178434
32498610
199715584
226934939
221733381
221908847
126804210
49338921
101374207
185201230
206901961
213739766
94686852
105568694
97519678
24369826
157925058
237599307
8394750
102018605
206619174
61667266
139976609
128630673
70959235
135546830
167421757
30475323
32857625
11617330
240937468
231376872
89202507
18549417
226889863
134924203
165700668
168873747
223075631
181205986
60013673
60748518
114439108
159417640
189922823
205447729
95285112
247260026
142782118
242756438
134453324
227597686
37828847
81157621
29745139
232385182
14968707
49441345
233214191
151114452
105842277
41695943
149074468
120554340
42822725
75238918
139117038
116860881
53921746
86975965
210670114
118046604
200680411
189954565
198064823
118667697
10847852
198309142
177031559
214225277
160608909
261095526
180999250
147140153
258538584
84198422
8083230
113425606
232365122
92869062
9761839
45307156
49511260
247705240
235884059
1729520
51400145
163612127
127224231
250153327
112578189
140813642
64182259
166592099
79112858
220607366
257951180
74963919
122873453
200605068
116873212
105018696
161408005
50056597
58561860
230318825
253008691
68836946
17210117
168879588
159371030
236495535
100248959
158907762
203996624
88667908
213844255
125159290
166869517
31000482
21095975
75348363
178364192
225492094
124427513
214066803
112833659
8627800
104167326
117757209
147979664
106254274
209284617
105888769
251130308
193201748
261973210
6150095
118843635
38398374
149147510
10510844
211407614
139887637
28033490
216533534
246353550
46437714
206571148
130021893
66467565
225487433
91236532
28535698
19068322
120501122
21821439
59988775
16213194
258715584
66075392
125334461
196111864
78941994
251942738
86207431
154253252
96227401
3519226
184021230
56131060
52139651
238286539
244811821
178377526
26334821
96487650
97269046
108905970
148706780
205337812
90969793
185573225
257469268
13799858
126240229
225063282
54172260
251387430
139228902
108596928
210214398
228306807
115674273
245580886
243086189
231232381
150061184
44073053
207821712
109391245
3157615
225458287
145311507
73835190
126106653
72666695
84426929
40832478
57839405
131184016
119792650
215709717
108351311
262887297
46448983
171125010
155868672
131743454
132399003
213936944
256268677
151946057
159127596
166887276
143969257
70300500
40580371
68020209
13915203
209965123
248091218
208715208
257644734
28219399
127005164
27460069
180619467
47649574
7574414
130464688
88448841
34172027
84790369
133436164
18919170
182916573
256558721
138689760
262957212
60940032
255894617
51755915
141447656
146936662
220606835
200126932
189285328
160824200
114208654
256639610
62437393
50517623
207924785
151671058
142884011
250631463
206920723
88343231
254790609
30202
135268999
250329383
39562739
158884457
534652
262262192
109344635
49730327
120259517
208934157
30571788
71992443
43754512
75132895
243576656
51011040
71122370
165395874
161688727
55402351
74401118
27301595
132844217
58654195
194214837
101081744
241362268
56227879
22519409
125899327
37684356
19776912
245297745
99532699
68817240
115105513
169158068
60537239
37982778
123212172
121416094
166507139
59588342
66448272
256597543
220069404
49792100
55397690
41210137
105242837
39078880
170527517
111868950
43313310
109595798
208689189
142782531
145345019
246138259
168989505
235267273
179590035
104226857
172934540
23529784
234047625
146178571
35464186
68196796
194785426
255084665
46345379
146514045
187316557
92230505
242089384
155311417
167676932
205583783
44023316
103847369
109564764
54973539
4145865
64622222
159239460
158623323
36789562
211631342
209056877
195554491
56320981
251242939
200087579
134120564
191146247
202773849
216603567
38693079
165322065
123861585
216154164
55991230
177809533
254278430
134546544
151194574
169819045
42284881
91675846
92797554
259894935
247832149
175879230
181769849
222446514
197261479
86178934
101919662
235834735
186897834
193995652
160348011
23904906
161402813
227361155
23199915
4629429
258741603
84219898
11543934
220387768
240906021
257326606
67660132
57600809
220512199
71773376
127554631
34763974
210143303
38929728
232942968
83133885
122014295
92867469
10913637
69129409
71766473
191474051
236984173
203931370
30037189
139258933
237531339
134219212
43193658
152484904
33842158
37835042
101644663
219591150
7169674
256947118
178390742
238115144
93412806
85242604
63564175
59573297
208910852
90582163
245586727
202727239
263176279
196966656
228944715
80598183
162039954
27079047
168515499
193550261
127718179
91132928
215422269
251736238
38726886
167783722
240747547
209551356
78664753
244241232
191129255
224686803
149610483
235965361
202606466
57694914
69803307
71872909
82857234
162199844
65079118
245865207
80547797
88009173
213259683
104740629
259889743
9561947
143155411
13135754
6623452
139839611
38722225
134592741
55216442
115786019
190538075
161895345
133360821
92920333
38599446
92756136
222052158
2676470
219015900
61842437
162914570
197609461
122908145
100236923
254058183
196204966
125511697
51521331
24695683
205058270
123052518
166524603
237342952
182278016
225413919
248694021
117650537
18818575
64033874
153873764
199612275
38298074
97528469
14595827
235946599
178633881
86815957
38206506
192381412
25464748
6294586
64477731
220098137
184146959
17721411
186098384
46513824
252139031
242029204
143872143
2708212
146038741
161134068
84188687
84520149
227901713
189829603
92311276
181723357
76122089
89805192
197805754
252586369
201780407
9000562
23836643
69503469
195302266
185808340
132626
214006210
210374406
113952417
144727348
57271412
236645867
81336568
15279814
134246293
101591445
203712303
70816278
207300211
144367271
77611367
7066247
161820887
110879166
128146578
160116908
115636867
252953526
133160280
212061806
76192004
104296241
19103014
148473612
211484609
23538221
30506534
13361724
232641537
187504944
210926351
63204216
202511299
123889669
21159577
195027267
169564755
83876813
13485329
228417137
64690308
76737341
178625208
13537780
136280436
228921410
140608558
72161891
186051774
93086536
146940261
42179507
100608741
212066349
117126558
151840034
23460518
77691784
167840067
235432827
38290286
128774397
151108257
70657804
159524961
155371892
779443
241155650
51261967
132935018
65875618
152580071
134402053
89813865
121899304
172904745
145524379
158461722
195838812
157254936
108019731
263286078
194788140
243214278
102944551
93129016
89842893
26634010
189866006
128769736
117917276
148599046
65759624
3772867
181905903
183387216
182967844
21923981
186138740
172025763
79383609
239026458
111868832
252962081
180933996
216290749
50210528
67292975
216215524
175538092
141568842
8020218
34968527
73026123
243231742
257353510
232304411
51989083
232018556
211033141
232264527
140741013
173884322
249638670
128345585
80853004
107978431
185920204
255341020
106826515
88232901
18956576
8789283
99677190
14451336
33332929
204157517
67747806
12673548
29838359
82049288
192002809
220579282
22718770
196065136
251181579
67513222
177902753
177875318
3064395
112321834
231749752
166169600
73129727
27716011
202559974
15015199
29011120
73863038
159550980
178626801
15718597
213578578
27241002
230384964
163978812
234774859
40595947
66556124
31310173
91986953
154256851
151617840
30287467
54140813
37210468
94340876
154318506
27076805
211847282
200926677
111471113
253499512
65610472
66188318
153170838
262088201
166239515
87620776
112485618
98447217
24719401
43548779
80532929
103409235
215966072
17415201
160899956
139911355
222521857
173916064
111207088
178351802
262947359
33850418
90192468
248427695
114716703
166784852
161949743
106920384
86254041
42156202
160619116
122188286
12626938
76411071
240322865
255625459
177315880
232076907
167152953
241887545
6785053
171074388
117813672
