10518799
6835956
8246103
4942390
4334985
5475544
11599635
7626114
2445713
19456672
10554017
20890292
16483153
5729990
1098223
13176564
14463
6120284
11310659
20671190
1228399
4179042
14172845
17727342
5188089
18488584
8818357
12788996
12716525
21213982
5333413
10709420
20590617
7091240
17961441
18018326
19160887
9307850
16563195
8481900
15886625
12176662
2070589
10993344
14216797
6813042
12499129
4266226
17824497
13713730
18368109
16176118
11604211
10896484
12808031
583128
13082769
8273444
365109
2530264
2437451
12962056
9889455
14326290
13041169
11654366
21078803
759190
18403571
14691828
4493507
16146366
866369
11656700
13111175
7964162
16305833
12910190
1279513
16072110
9150953
2245246
3843647
40972
2896129
1778664
17169173
15765218
18475049
3663372
207175
6044942
14820619
4933112
16179621
10413582
18065825
8117458
8025035
6533264
11769569
15084798
14989065
19344048
14491019
2054858
17135237
11214006
2831173
20174488
16363209
4473000
14192889
8510944
9543967
13802304
12703259
1123496
1559035
10625670
14083711
9882192
10507423
10916594
5183883
2719338
295863
3130342
17359151
14007504
13949153
20289594
8029079
18394260
4315213
21253942
5237743
16584278
2906251
10295528
19554833
499156
1220113
18530552
14315435
8265806
8924493
2304876
6933955
15708118
12145613
2892874
8952293
8800970
405015
1131844
10128401
15539646
18532553
19739308
15957449
6795582
19779149
12990904
20243423
8260256
3581499
17557768
6414405
15263078
9543739
8301804
20371203
5734612
5478343
14850132
9905079
5603022
1788241
12537912
18625683
16862328
4798063
14741648
6593951
18934876
20199605
982180
20330695
14034908
10891747
5653536
20631435
6269694
16405741
2151452
12126753
19248146
14768877
20739796
6613447
17923104
14418619
12265190
16721115
4629472
18257713
9588242
10680379
5580524
16077267
5012822
10922031
7800752
16262767
2348988
21304781
10496436
2956731
6893346
146663
3101510
7391183
12393728
11057095
9600600
8865365
11325318
10092423
4575436
146773
5755260
10833445
13176102
10293839
232834
3739663
19591840
14862865
17136940
9448629
6261536
12420125
5130940
10977023
6124940
16511029
14059584
6296719
4204960
18115941
17358902
8000379
11610792
19687227
2160632
19342993
10464270
19681643
17422514
30807
14767016
18693423
1355126
19100025
19345794
13763017
7609928
19035857
13901866
15022397
9323760
14739677
1893828
10234293
20594152
6672611
9771162
10049423
17031610
17952373
13504086
17036345
3633492
7806459
3968260
6811957
7748630
1476825
19846138
790953
13381410
14145233
15766748
12536047
16482810
18880241
9062916
20865221
11548806
2608671
8595238
7749747
6999324
7275919
16916108
16733003
12900834
11242399
2208266
11556439
15353788
12559637
7113158
11105041
9341046
3261907
20446128
13589653
3102998
438931
5200556
19303195
14468190
8358509
17171264
1935215
1714746
17756495
1475056
20019265
21005384
7811273
12980380
2028309
19394392
7807837
15787384
17601649
15212356
7107671
7281922
11762601
18382806
6514101
20814966
20379113
3737228
3697717
14625512
11504457
3945346
11064983
7072466
14966337
6659198
7559427
506288
1878605
7206560
14790061
17600772
15479857
11606370
20132107
902506
5031659
15437010
6328543
654424
19088689
2966306
2213835
17357808
3032755
19836636
7231589
18711158
709481
18981002
18882803
6595788
20402249
4839952
18332851
1156782
11854123
19563078
6583647
6027262
16793139
6773266
17033799
6486620
589621
19750512
7727311
1358974
4807395
4199762
21264947
13631856
14269451
13008358
12818653
21162492
5794471
14093276
4961431
13771464
18567669
9907768
6199769
624944
14912847
1720508
6788863
7659156
6854301
891582
20016797
4315136
19396317
11398210
11751591
9868068
12567939
14572774
3282641
6450854
16165037
1376598
1483875
18526380
20791565
12883264
15868669
7490682
13192991
10663570
7140793
13620510
19073839
8937198
8861237
18862948
20371811
20402612
13597327
16837240
20878717
15762916
5789551
2523906
20451709
19680522
11803515
19877260
1729793
16538228
6056553
16409356
3662823
8387676
13795981
10136766
3094011
19303942
11064439
15373592
18978365
19540556
20293673
20734450
6191953
4890078
6390419
15079230
9211821
13777178
6442037
17706172
8664863
16293044
4327329
13600678
11979611
4593186
21288129
15844330
20215835
6878662
10122305
18449528
9297901
12219956
18132291
4725258
15181355
9087956
3626567
12141842
19043129
17937858
6131727
8846396
3625839
16003968
14959905
1463080
9624903
16696838
18850375
16999950
4034283
14157508
11949359
3217970
10297177
16486706
5745611
13727706
12737093
3213958
20633307
8581442
17723263
13907844
9265765
8243492
6227393
2875038
7161313
15887612
14562911
1014152
20350659
2888510
10796423
19875644
5594045
20894502
10923773
6976250
7668945
7337540
3763913
4719562
6316111
684188
8690905
1802514
14072021
6387580
10863733
15419818
20074063
14649322
7442305
3054670
12907861
9367766
5128127
7388776
18600231
2736356
3777719
16412422
13354695
12399638
3659963
3665554
9997673
11220168
1513541
5764346
15781935
14695280
2072503
14318342
14121803
7571274
7788525
21238156
10052761
11860356
19958321
7639952
14910573
11135636
18991137
6288166
12115095
16525534
21190693
539564
11932443
2196864
15009827
6024274
8983017
138060
9805395
340634
11974417
7838692
10284849
19025470
20417003
17978186
14914057
9486632
1803493
16265270
19883611
4971786
6484327
9546374
7595801
21023998
6946377
15437104
8596293
11776496
10797665
6988642
6674181
4797160
14381899
4825356
9006367
6403534
10101715
14493676
1879605
9906434
16867271
16922308
16332121
4354410
2750897
11777328
9444539
14715916
7138105
13047888
2349233
5790280
20111031
6647030
13958191
2654958
11162561
4377856
11332371
8845040
13762591
18757804
11937679
21389734
3175465
13270100
6932233
17015120
5783391
3889788
20511171
18717830
11695599
8844006
10242467
3540642
17438439
19994290
18387037
1461346
10642405
10738192
7685959
10722896
2897101
3803038
5904643
15277152
6276973
20610608
18021343
6245508
11396893
1404092
597719
863502
6765703
5977432
14451445
11462778
5420393
9439572
2012671
6354784
12389895
4286474
13529599
11208816
6173179
1894974
16456417
3477770
410259
20517714
5166697
16609608
14088973
8277186
4940355
19515988
6069075
18550842
11033787
4348376
7156529
7599242
18337619
9059152
15759225
2444680
15960673
20299204
4193943
9432328
20077305
7162068
12676861
7025526
18070515
14138078
14553381
6779288
12338667
11068282
960337
7571344
9477275
11742254
20289329
1635954
2310583
16064574
20171087
20014588
15298389
4416574
2698577
13639762
12175567
18503966
15681965
2533142
7593823
16155000
16335485
21235532
11024139
7266762
10254743
21172504
11657585
13036674
10338121
18704910
21377489
7716604
154111
11383502
21148233
4598112
11577123
152264
9674879
1135656
16392397
1604342
10975619
15103692
20879169
5242290
19155023
17814732
13809491
14688626
12945761
2424848
8866445
15955192
16620835
6413710
19921329
15063244
9201839
8637814
6489699
10595118
5470995
8980640
7068313
475716
14208515
21261052
5365485
13141884
20364503
15498120
2273599
2255740
21335011
11340902
404155
1809470
10484513
15266120
18656611
13120918
7337651
6441788
11699047
6326502
15690677
19884008
14549411
18128668
3020887
12047774
20715985
10651474
15276557
13347724
15625271
5998456
7452421
11426784
15495309
20158728
380351
6016372
11173401
8791344
3854151
17773586
6718037
12991986
3496421
437988
3875807
4596436
13993875
6526418
18010827
9648520
7978561
20879692
17859665
5136690
21145017
12712616
12609861
18960102
7448201
16744914
301945
21307836
19922933
10909492
5249141
13034390
19511999
16960080
6301203
5255830
3005507
5232416
16621159
14230210
9024777
617138
19419231
7145184
12427755
17803682
4329753
7804300
16157763
18717482
3300099
20547710
365913
501638
18248111
13616378
5089843
5067694
6351219
12084774
13485693
1807740
11598515
2031240
4404263
5647466
2743441
3302336
10239957
7262270
9010873
7985154
8534809
6808690
14632759
14937324
13749731
8462068
8792397
7832650
14497481
7974726
14060821
14714218
9024107
5878514
6243681
10170770
9285723
18377470
6333857
303918
4631083
14272836
8970979
9673074
440283
16392430
2400467
20578348
11053379
5652604
19572061
9047262
7439613
2385548
3459489
9308780
17574319
20055012
4971593
1828202
12466367
6612638
19831105
2346970
15470783
6947380
18209353
21285172
8782083
16108912
18569037
60516
3042357
15808500
12822125
19223988
10435529
11909050
16319141
12588800
3641375
5157700
13808243
6005752
12067413
1728962
17915479
1866502
15173449
11181840
19556085
9278530
16247353
16138506
4070003
18897468
17586897
2122372
17600911
18833232
10502469
19952100
7534209
13450692
14413655
21059446
