15091
11542
19705
3487
2886
11029
10136
11207
43
18949
4834
18722
7039
13124
18170
21126
1910
1876
8810
2997
21019
12742
11694
3909
1881
17661
8627
12360
2011
3382
4599
22190
7558
22364
15146
3835
8305
1762
12065
18589
16391
20019
18767
17649
6347
2425
22891
18126
19920
9448
7234
23667
21585
6650
19205
22008
21040
5817
17439
1835
10866
19575
4268
18433
6094
18835
9034
16882
5340
20472
6131
14083
21398
6888
19858
17226
2447
9197
15229
13400
4634
10423
6611
8846
3935
3731
23274
14109
517
338
11405
22154
10500
9084
4756
9754
11329
22954
21611
13907
20470
21256
12691
3632
12759
19013
18201
19352
12353
20073
10775
1298
13520
21873
5697
4759
10156
2697
17319
3552
8452
12223
11918
10223
3536
2726
15694
6769
13084
23361
14862
23319
8614
903
21473
24103
5285
22887
17043
774
12788
10405
10525
2659
10698
19182
11410
11495
1015
18376
20375
16989
17480
7020
22286
6739
13974
17004
21414
4069
15629
9347
14804
20468
11715
21507
18947
19946
21593
4335
16588
9038
21220
23808
6158
16205
4269
15967
16518
272
5197
14847
19774
5781
12381
1766
8001
9398
1581
5260
14902
7634
4466
16136
22160
2295
21398
7687
9770
5307
698
11873
5480
22527
7664
16443
12731
11302
21638
8962
1292
11291
9417
3554
6888
11367
3936
21771
24010
2038
1172
13866
3269
7830
17596
3764
22995
447
15293
2587
17590
2600
22013
13222
10561
21840
20644
8152
2242
23319
15110
8935
17558
15520
898
6008
20824
11141
1329
8535
20982
2005
18182
12296
8131
20793
17893
13466
6639
15966
3214
6489
10445
14488
11026
15978
2424
2567
23749
11818
13116
2064
19166
1988
19270
22458
21965
9381
3500
4993
22375
366
8361
11245
3130
21500
5445
17895
7460
10947
8642
20640
14653
12999
3303
11309
16312
3755
21493
7998
2745
14663
2565
16886
4681
19602
5177
19690
21659
12156
215
21126
8729
21035
21980
8584
19151
3649
10966
1976
1919
5074
21394
13405
2086
11412
18929
6491
3529
18711
9360
11024
21505
10405
24085
15746
7563
14841
6509
10607
6505
11443
16725
10943
18116
5929
17540
1186
1462
12758
20578
11436
20143
4896
6888
18639
8125
11006
13218
18338
18509
4256
17705
172
21951
2165
23944
18786
6892
7870
20558
5068
9221
19516
15742
4768
6324
3399
11151
14812
2231
1714
19847
23865
194
20305
21933
39
22139
13720
21274
14898
3882
12940
17237
12053
20743
23773
19336
15237
6156
8555
4800
13480
11462
7559
21719
17827
7175
9221
12853
4511
11338
15748
17244
18804
12431
20667
10419
1122
21532
12999
13639
13347
9425
15554
15280
6417
16041
12972
23617
23178
6914
14447
14383
13096
221
10834
15165
9076
8669
1749
11830
14331
4549
1938
12711
12071
17670
9331
12647
8921
14282
15768
10098
12425
15331
9880
5156
22272
6420
23345
22292
10124
9344
15464
5183
464
1702
9115
6510
23754
22821
1764
21533
19409
15194
826
10386
4577
16708
17795
4970
8978
4570
20877
3405
13125
13702
18095
1673
13335
20688
22132
18294
13954
23673
12287
5122
10074
21915
15297
2022
3961
3262
17908
18627
1002
1922
1675
2300
19131
8747
12859
4990
22151
16111
879
1332
1982
22373
4587
15191
9310
6134
5691
19017
19729
18130
17060
20117
22144
18271
2889
387
15039
4343
3735
13839
15688
16635
20581
17732
23004
21416
18910
8225
18428
18577
17903
11890
7503
17751
9926
1939
18289
12155
20737
16210
10693
21677
8345
7102
5933
1385
965
12553
2737
10072
8432
16366
10294
5543
10559
21540
20111
18843
21951
8985
15906
17763
18957
5996
8114
12431
4898
22253
13423
10295
3508
21237
13586
3386
5912
1884
18366
10737
22475
20237
9367
15189
219
13659
19231
23581
21807
7574
17382
8310
16128
24096
5355
5670
6048
17525
11358
18831
23040
14496
22491
3412
908
4774
15351
19455
4563
4875
20546
19426
21562
2224
7639
15818
399
21077
2801
18121
16018
23346
19972
5234
16394
22017
5709
22278
19579
404
23139
13985
18221
10100
4099
12461
21656
22241
4109
15090
19483
10731
10474
17860
15354
1536
8556
10062
19629
21632
20174
3897
9278
999
19099
1769
6462
902
16341
12313
5555
16335
22068
21981
22099
13617
7777
7984
366
23765
13877
1529
3200
15651
3986
18132
7560
20743
12622
14027
20079
6931
22030
13429
21347
9728
19612
14960
23219
29
12660
19068
23242
10589
18313
22316
9448
6111
15405
9448
19570
14903
15347
16263
19893
11291
6922
6617
19341
19933
21368
991
20382
1887
13952
14701
9515
18964
18789
17994
12246
9789
19056
7793
16774
5738
17309
4473
12044
17123
2239
17607
5894
13301
1745
21706
5159
12632
10606
16635
5391
19533
11769
6869
8179
9514
21815
12457
2665
733
23392
8963
18521
14030
3296
394
23870
10689
19693
15206
20706
8843
22417
5632
3263
9515
15990
8972
10702
204
17418
8753
9863
653
21671
10289
7180
23809
21780
23128
19842
11678
7548
15555
7427
13364
11552
17078
5108
13301
10646
7668
10195
11138
12948
14613
2546
18238
8003
961
8133
23317
14461
20007
1010
10206
15911
17463
14639
22210
10126
6473
15767
5419
23633
8683
23845
8622
5864
606
13499
18539
3729
7930
11974
6460
6466
8723
22478
5381
21578
19944
11228
8381
3620
19626
22725
6999
23336
9615
1841
2071
3243
23032
10647
16488
5665
12868
387
1854
7266
11009
4843
9822
15585
16685
3504
15576
8892
14476
21041
507
8479
13344
11479
13143
16360
13935
1838
21712
535
3200
20811
22031
10043
22254
8858
14694
11806
1827
21482
7599
10373
10915
3212
10148
12069
14300
22747
9953
11404
21934
15084
7555
3977
14112
10388
23230
5246
17279
5680
17037
9087
19949
13755
10333
10130
2879
3480
18659
6677
16773
1570
18274
205
17485
14603
9197
7683
21759
97
18012
4290
17170
16690
6284
11952
11029
18533
9131
19920
14090
20374
16256
22366
15360
6796
17128
6865
13742
20135
13311
11625
2812
598
547
1693
7031
336
2379
22886
10849
4175
7076
4694
4414
4594
21457
21021
24084
14063
12105
16809
22280
23600
19205
15830
7072
23385
22336
13571
18800
15446
4033
3628
15561
18660
4707
4652
2077
8938
13341
2838
