151
171
138
27
240
175
185
97
50
242
246
114
88
218
21
168
130
99
239
219
69
196
161
134
132
239
135
230
177
158
91
9
198
240
234
172
17
4
37
189
182
226
38
148
119
242
60
109
10
193
86
246
191
74
227
13
213
253
220
156
58
157
88
228
225
56
2
2
59
120
247
193
63
168
181
86
117
100
37
75
13
208
47
23
169
4
205
209
15
76
29
169
153
204
218
243
183
80
254
61
250
17
71
123
37
189
133
98
16
160
38
17
207
175
2
167
186
181
250
114
159
90
110
248
104
158
157
26
240
2
191
161
182
137
63
140
179
138
205
28
146
66
166
160
66
177
242
18
56
233
59
78
151
244
183
246
194
223
206
11
210
205
100
41
165
190
231
69
81
202
195
204
128
180
194
250
144
219
19
143
222
7
18
156
132
171
168
160
32
85
156
111
168
66
22
245
245
81
223
15
54
92
205
239
172
186
231
51
226
102
197
126
174
249
122
84
243
118
141
239
218
5
91
236
200
132
31
90
23
206
116
62
73
203
205
5
7
201
157
151
150
54
235
201
132
25
38
244
247
209
243
98
189
223
110
24
208
169
144
255
44
5
254
245
185
3
115
201
255
75
135
10
246
234
51
42
170
219
92
215
142
163
192
163
249
37
83
60
75
195
42
111
190
12
0
23
26
223
62
236
181
205
91
202
198
18
0
131
183
48
52
150
174
4
79
248
11
7
182
38
153
22
177
58
139
219
148
21
228
65
200
66
138
117
212
122
181
2
154
28
178
113
178
31
56
218
143
114
102
113
218
234
185
33
148
96
40
84
2
89
25
205
19
242
113
220
164
187
105
109
17
158
9
21
4
151
130
168
88
38
254
238
241
196
252
218
20
171
9
66
157
2
19
223
100
43
54
146
28
29
130
124
51
12
218
187
225
84
128
181
30
207
87
102
42
93
223
66
62
37
21
129
109
29
106
184
177
239
108
140
113
187
91
23
56
170
251
92
201
13
176
117
209
195
229
104
192
196
176
149
4
52
128
28
188
73
209
49
75
220
9
63
184
22
101
67
156
29
223
70
77
89
63
170
192
140
54
67
139
217
130
238
72
252
4
250
186
187
99
128
1
15
251
62
217
145
115
35
159
29
183
244
29
128
182
67
192
197
37
24
236
99
22
59
49
153
35
166
189
180
82
124
98
97
38
112
60
15
32
59
26
61
39
217
220
66
214
89
190
161
5
51
91
168
216
213
186
117
144
222
71
169
132
148
43
211
90
104
148
175
45
23
124
198
2
200
86
34
3
84
134
196
219
87
206
206
183
209
220
96
19
85
188
215
99
223
136
192
146
117
181
67
66
136
48
5
45
77
122
93
120
34
103
100
159
211
122
63
20
175
137
55
59
186
230
39
95
101
222
185
77
184
55
224
190
53
140
71
200
173
47
92
82
149
46
41
136
169
122
213
254
148
95
50
3
231
248
217
82
150
48
132
252
90
170
167
34
156
224
161
212
204
100
102
235
16
243
109
8
13
207
108
31
17
130
218
210
187
245
157
41
227
4
225
155
105
67
221
102
190
2
19
171
136
7
181
138
36
65
156
220
174
102
50
173
193
18
251
194
231
197
186
107
247
77
239
42
88
190
203
38
194
0
177
169
44
163
94
13
174
83
144
99
41
54
37
26
95
70
133
160
90
83
154
195
176
157
2
38
213
22
83
73
214
200
175
15
151
20
74
135
223
33
217
20
114
249
102
68
23
58
16
59
102
22
197
213
173
28
238
64
200
99
208
232
242
3
234
116
156
57
141
97
56
6
220
231
3
77
226
212
220
227
117
195
9
50
157
104
157
219
61
145
56
74
126
120
219
164
113
239
184
182
102
117
8
209
7
9
15
233
189
161
232
245
64
237
154
229
183
181
168
213
197
149
11
151
32
200
240
31
165
232
189
21
244
86
35
160
215
14
216
133
133
166
234
41
54
156
86
167
5
1
35
96
96
239
138
23
239
245
25
37
16
89
239
252
190
18
29
25
45
244
168
82
116
108
11
185
93
197
212
228
19
178
77
169
183
215
44
111
87
23
107
47
239
159
117
221
150
10
10
18
184
92
157
235
246
114
193
252
20
34
113
30
125
42
198
50
121
30
112
54
78
42
118
68
81
198
99
197
131
241
137
61
31
126
89
103
210
247
241
52
236
247
194
236
198
41
3
91
22
67
111
184
82
42
163
176
218
168
113
10
4
207
149
107
126
240
150
29
40
243
114
19
31
186
99
98
216
