51.80 73.40 97.33 1.01 23.20 56.44 78.05 97.53 39.22 87.28 
53.50 81.84 76.55 29.90 56.10 91.40 6.35 60.20 67.63 30.97 
17.51 41.06 29.21 50.65 40.52 53.73 34.01 46.67 17.03 74.64 
60.10 36.50 85.61 11.73 26.59 84.81 78.89 39.21 80.68 81.91 
52.43 95.01 48.43 1.20 90.70 29.86 7.16 87.10 60.33 22.07 
62.29 50.24 6.13 97.16 36.27 71.25 10.02 16.22 2.63 39.82 
58.35 22.34 22.83 80.59 87.71 58.86 68.72 42.42 4.79 98.76 
38.54 52.59 0.41 49.09 99.08 62.50 3.10 19.58 12.02 36.49 
42.59 69.50 27.12 60.18 18.40 71.73 50.10 70.09 94.00 58.27 
18.07 31.03 61.72 36.07 40.32 12.71 48.78 87.45 87.15 42.30 
59.75 93.88 34.79 34.46 75.78 47.56 98.98 25.25 55.81 39.51 
15.18 61.76 10.22 38.43 48.22 23.77 42.10 99.37 39.02 79.12 
76.51 66.20 21.51 99.32 23.11 57.07 67.23 87.07 42.32 46.72 
40.64 92.00 10.44 84.94 72.92 16.51 4.00 15.06 86.95 37.98 
48.70 81.65 31.45 99.16 3.13 41.38 6.98 43.10 72.77 16.21 
91.67 94.33 74.39 52.94 99.43 12.77 96.29 78.12 28.51 71.94 
24.65 62.48 83.25 38.10 31.33 33.86 76.71 51.78 43.34 2.77 
47.14 38.30 39.44 89.57 45.94 98.97 44.04 67.41 80.15 59.27 
13.82 59.96 17.01 75.80 37.32 57.93 83.62 28.51 92.83 43.56 
19.44 49.67 34.89 37.08 64.35 66.27 4.70 4.14 90.28 57.36 
84.87 88.43 9.00 52.89 43.52 58.39 14.09 25.58 38.46 82.18 
39.74 52.48 76.43 69.90 44.28 47.67 47.79 47.21 51.21 92.75 
82.15 49.32 5.62 16.64 94.96 49.44 28.65 1.21 20.67 60.82 
78.03 14.43 52.47 76.36 47.30 97.48 34.24 34.82 61.64 57.41 
74.76 27.87 53.11 41.98 79.60 86.85 23.06 98.13 21.08 13.37 
24.62 40.77 91.44 42.85 22.93 83.33 9.63 55.04 16.13 6.72 
77.13 70.53 24.69 68.22 2.86 97.42 82.12 76.87 42.73 17.10 
84.65 86.96 24.07 23.26 82.91 86.07 50.16 53.22 23.24 79.43 
5.31 75.56 71.58 96.87 5.73 23.20 77.60 74.25 66.46 85.91 
62.12 85.63 79.82 1.42 35.32 28.00 25.54 9.04 78.85 84.92 
57.91 55.04 49.49 20.77 40.37 63.66 87.12 82.15 22.74 12.95 
35.02 7.90 81.40 79.50 5.14 74.47 67.85 40.97 46.15 27.99 
35.81 50.68 97.24 79.85 42.27 23.25 35.25 67.13 42.84 95.24 
48.21 4.55 26.51 50.04 92.84 79.48 60.44 20.96 19.01 66.64 
39.78 11.58 68.90 63.93 63.08 97.46 83.67 76.00 78.46 98.31 
75.42 97.20 70.87 34.51 47.43 70.36 85.84 7.31 70.16 23.04 
9.90 66.55 46.20 7.74 53.11 55.03 21.69 97.75 3.87 43.61 
27.19 15.05 51.54 96.17 55.71 91.95 96.89 28.29 10.83 92.99 
96.00 48.94 82.56 48.59 7.64 99.12 33.95 77.18 39.68 26.47 
6.03 97.18 14.68 60.12 74.16 55.55 0.05 74.51 13.36 24.33 
73.06 56.63 55.56 41.93 16.08 15.38 46.58 0.48 62.20 97.39 
35.62 6.01 36.76 98.17 55.04 62.94 64.94 82.81 73.35 59.41 
40.78 55.16 29.14 55.11 77.93 39.61 78.73 98.07 87.52 64.56 
15.46 22.03 53.24 61.59 43.35 0.92 99.29 19.42 12.97 62.09 
71.17 56.71 52.33 84.72 74.81 2.82 50.62 35.08 44.38 0.44 
77.53 15.21 33.91 69.36 46.11 26.43 53.24 95.28 51.87 74.50 
93.50 32.80 45.92 67.71 12.43 36.62 25.08 84.70 74.87 60.04 
46.62 13.41 68.78 84.80 0.59 87.80 42.06 71.32 97.40 73.91 
30.40 43.43 53.66 81.78 71.68 46.62 83.84 4.80 26.99 43.93 
30.84 13.05 53.81 38.42 92.99 52.31 1.47 36.43 30.61 25.02 
24.31 90.60 59.62 55.13 32.84 86.74 65.30 63.03 28.21 63.63 
93.78 2.40 90.25 79.75 4.25 35.43 14.50 66.07 89.58 47.94 
18.38 28.95 98.22 31.04 62.06 92.19 15.23 80.81 54.03 92.28 
85.09 92.70 36.94 65.97 84.35 52.02 73.95 94.19 76.71 47.23 
80.79 91.30 8.47 57.56 74.00 53.95 27.11 91.48 30.59 8.36 
30.85 77.65 79.43 20.25 81.92 34.81 69.67 56.40 41.50 72.28 
86.55 11.99 9.00 97.61 9.89 42.63 73.50 32.89 35.53 65.35 
10.36 66.29 5.12 17.41 80.50 90.48 14.51 87.14 15.38 4.36 
96.00 55.75 95.51 79.78 94.97 14.34 55.13 19.78 85.89 44.96 
71.00 59.82 98.34 79.95 18.11 88.69 48.10 78.58 0.09 90.63 
93.81 85.01 87.13 35.18 64.36 56.64 19.20 66.31 27.47 76.98 
57.49 67.51 94.58 92.04 91.74 4.25 82.63 34.28 36.37 70.46 
77.77 23.28 73.20 90.62 71.47 57.10 23.53 53.94 64.33 33.41 
57.45 82.19 57.84 64.51 73.18 57.90 79.47 75.20 4.23 64.27 
11.37 97.71 37.19 13.49 17.98 2.58 48.00 65.02 92.87 29.69 
89.47 60.37 70.18 8.40 87.92 25.93 70.86 80.98 31.66 20.41 
79.15 68.27 59.19 28.57 69.47 41.74 80.00 27.54 29.22 90.88 
85.55 77.63 47.54 0.12 33.55 13.88 65.68 74.31 13.09 40.15 
8.95 76.75 23.58 52.14 45.78 68.85 25.29 41.04 44.22 65.63 
44.22 54.25 20.93 45.87 39.28 14.84 3.39 81.19 64.39 26.23 
50.18 73.02 83.44 13.72 0.09 11.56 20.95 79.34 44.97 95.71 
56.12 71.73 46.94 78.21 93.15 97.43 45.09 24.79 65.72 25.33 
22.07 1.71 58.25 60.63 25.88 30.47 51.97 90.14 67.06 73.86 
28.46 25.18 36.77 42.54 88.48 93.94 15.97 35.95 69.08 59.58 
70.96 56.84 66.50 65.92 55.74 63.37 97.95 36.98 66.39 47.89 
59.97 82.22 17.77 56.42 66.10 83.81 38.00 87.90 71.84 67.66 
0.78 37.36 19.63 84.66 41.19 71.92 61.58 53.75 24.91 53.78 
42.93 43.40 66.54 49.31 53.95 92.96 17.05 88.12 83.06 0.59 
65.80 61.42 29.09 29.21 27.47 73.51 55.42 7.10 9.10 85.57 
93.77 24.66 77.67 15.84 30.65 53.98 73.45 85.18 33.94 42.68 
39.48 22.09 2.83 58.63 62.45 66.29 48.53 87.13 45.37 34.88 
38.87 7.11 57.25 40.19 64.46 97.86 30.13 73.31 9.18 52.87 
98.83 92.42 32.96 2.47 3.65 80.01 99.56 71.56 1.41 57.93 
7.11 24.32 55.05 74.48 4.40 72.18 97.22 2.52 0.58 46.79 
88.05 12.65 1.09 64.47 12.49 10.58 27.75 33.77 87.54 52.71 
5.67 82.57 74.61 78.99 24.92 6.45 17.44 27.15 9.72 64.83 
50.69 17.32 52.90 76.31 49.81 21.12 98.58 90.02 17.21 54.31 
80.78 34.34 25.22 56.99 50.74 69.66 61.06 50.53 50.96 96.64 
44.28 85.15 18.48 96.69 11.72 17.34 25.47 6.07 90.59 81.10 
89.81 50.31 4.77 42.08 13.48 90.36 84.76 48.75 31.63 57.18 
76.58 19.52 80.09 76.28 69.82 30.03 14.15 8.71 90.33 89.55 
36.40 60.20 27.76 20.66 16.52 34.79 93.22 81.13 10.75 34.83 
27.46 92.26 13.81 33.59 4.91 62.50 1.30 72.25 3.71 20.65 
45.10 57.76 37.30 97.57 9.82 63.13 67.63 20.43 62.95 56.75 
45.49 8.70 56.68 12.25 48.21 85.80 64.02 75.51 9.98 45.57 
77.20 90.30 65.22 37.60 1.03 9.31 50.19 60.41 99.15 41.82 
33.28 76.69 75.88 14.91 69.16 89.46 1.56 49.50 97.21 43.46 
14.11 77.94 29.51 40.61 54.74 54.68 98.64 83.71 20.51 36.52 
60.71 87.42 41.59 34.11 73.86 20.64 16.07 61.16 97.53 69.25 
60.11 32.96 82.91 33.27 56.16 90.85 49.76 97.73 7.23 54.05 
69.97 40.92 29.89 25.52 3.21 69.48 43.82 3.40 54.90 94.09 
40.83 74.59 51.91 85.02 40.98 91.96 56.16 71.49 68.87 61.91 
61.62 73.96 7.58 93.63 44.85 83.39 13.44 86.87 64.51 26.50 
99.07 59.51 30.09 81.19 17.88 41.78 85.19 31.06 7.49 88.41 
75.65 73.20 75.14 85.52 97.90 18.25 32.77 53.61 47.74 46.78 
14.65 73.39 14.98 11.10 35.28 85.87 94.15 96.58 70.53 43.30 
6.64 81.45 69.61 12.67 54.61 59.19 30.97 58.09 51.89 12.66 
99.60 53.77 2.35 53.88 68.91 4.18 20.80 68.59 94.65 72.88 
17.01 29.74 53.96 46.50 87.96 68.76 7.23 85.75 88.69 18.96 
45.56 39.56 77.19 69.80 31.71 24.39 53.33 96.42 67.35 94.86 
37.55 53.17 44.35 57.58 59.29 45.49 62.93 4.53 50.57 19.05 
24.63 67.64 65.22 30.13 32.68 21.19 68.69 86.60 57.77 83.42 
69.17 73.18 51.97 94.12 85.00 0.38 18.53 69.57 68.90 40.94 
70.56 61.59 34.23 43.02 36.22 72.04 53.55 34.01 93.30 99.55 
24.97 54.21 41.03 19.86 26.40 84.32 41.96 26.47 3.14 55.85 
91.55 83.10 59.06 58.49 98.51 64.50 46.74 83.53 83.55 87.19 
76.78 67.38 29.42 56.82 91.77 24.23 40.03 83.39 75.03 81.93 
91.41 41.31 89.55 60.21 82.50 75.53 67.41 55.18 18.31 80.42 
95.08 19.28 83.54 3.06 64.70 50.67 89.25 47.30 86.88 31.19 
0.57 80.30 85.22 76.92 78.08 68.15 17.88 90.35 90.89 91.92 
96.47 28.33 84.00 20.94 97.70 24.77 7.97 44.72 87.93 32.20 
43.51 90.19 6.10 71.25 79.00 75.64 75.19 2.08 23.57 78.17 
37.71 56.84 63.68 16.00 35.31 97.30 95.98 72.27 78.03 86.52 
94.23 12.01 73.38 88.85 93.10 68.62 10.61 37.15 96.71 1.58 
20.43 31.40 44.69 51.97 55.58 57.67 93.54 47.23 62.48 41.63 
96.16 31.84 39.33 75.54 87.31 25.44 0.93 82.84 7.91 34.91 
95.53 9.43 25.80 72.10 44.11 55.69 36.04 53.60 97.30 88.19 
48.28 84.29 30.22 95.36 94.26 51.03 20.75 76.01 13.04 78.30 
81.32 74.82 97.01 22.09 39.66 3.89 6.18 3.86 88.78 14.40 
83.93 10.86 51.49 7.34 31.67 14.66 29.82 97.61 25.50 84.20 
34.57 70.28 82.59 95.11 15.39 93.25 9.96 61.71 36.62 75.31 
93.73 43.37 69.26 83.68 11.44 1.77 94.42 60.09 75.34 10.54 
38.38 99.41 39.45 43.98 84.85 80.05 28.18 96.25 34.47 59.94 
69.45 7.80 7.07 77.38 39.81 0.37 6.87 20.78 54.84 47.39 
96.02 56.16 62.13 31.02 46.68 26.82 20.09 62.77 67.14 63.85 
70.14 68.84 22.06 71.89 35.16 67.20 92.34 78.96 2.04 87.51 
44.83 64.56 71.15 10.82 7.23 5.01 80.47 30.45 68.40 0.22 
37.26 60.52 49.61 70.73 15.07 43.91 16.77 39.41 98.88 36.06 
29.18 36.49 86.24 66.18 44.94 92.38 77.08 2.50 28.51 7.00 
10.23 73.09 30.52 9.92 29.23 18.78 35.31 50.25 85.39 79.79 
96.52 80.41 10.90 42.62 5.84 22.74 19.71 98.75 65.52 33.17 
19.08 91.69 59.69 0.87 39.63 54.03 45.00 48.01 16.56 60.93 
5.74 18.67 80.06 51.75 43.92 71.04 37.57 96.23 99.38 11.75 
55.70 6.90 20.58 36.77 74.74 24.28 30.99 67.48 13.51 26.31 
61.75 96.41 47.25 38.74 45.67 81.42 66.59 47.92 92.99 52.45 
50.22 42.60 94.21 20.05 9.16 36.29 20.25 99.48 85.40 46.80 
15.32 89.72 12.84 34.36 2.76 71.24 73.09 25.13 49.14 11.78 
4.25 71.43 57.07 93.97 45.26 25.38 81.88 4.11 23.74 27.47 
92.48 45.97 20.03 36.68 21.89 68.76 65.44 53.59 77.55 23.39 
57.27 13.17 6.83 85.91 98.59 48.79 38.03 12.37 95.55 53.87 
42.18 14.07 70.02 93.00 85.93 67.29 70.31 38.81 70.93 96.52 
87.98 36.33 79.86 95.36 13.25 21.40 74.60 74.00 87.16 44.56 
16.66 47.47 33.00 77.11 5.41 3.68 75.00 0.89 54.21 15.24 
77.05 8.28 49.83 84.32 59.21 64.00 65.58 34.32 74.90 5.32 
23.24 87.74 56.54 82.24 24.35 94.00 62.46 64.07 95.94 96.51 
82.88 64.20 21.23 52.98 87.77 59.41 50.38 47.90 24.48 5.42 
11.88 61.51 97.83 75.17 69.61 84.06 90.54 71.43 96.06 89.63 
6.83 90.26 57.03 8.46 46.97 36.98 27.95 61.82 45.56 21.04 
87.36 48.63 31.46 81.57 57.73 97.74 92.03 19.96 88.87 25.05 
49.71 41.21 4.48 59.38 83.43 30.45 56.85 26.38 53.04 16.39 
60.27 4.32 9.25 98.04 98.33 90.91 97.13 36.40 25.48 45.32 
85.76 37.74 8.09 94.21 82.08 79.79 75.43 16.14 11.59 57.70 
75.83 43.13 73.70 51.12 58.24 43.64 4.71 39.06 24.70 75.96 
6.04 14.03 23.88 26.05 20.59 72.11 81.01 68.90 65.17 80.43 
84.59 17.55 51.56 48.64 75.18 48.72 54.25 56.03 6.44 19.14 
7.52 10.62 74.01 11.74 39.78 42.12 32.19 75.64 77.86 55.02 
44.12 49.02 79.19 93.56 35.39 79.05 74.60 95.02 46.71 77.79 
29.58 33.02 5.73 78.15 56.80 77.31 63.49 79.14 37.76 21.54 
65.66 94.23 36.25 55.79 53.97 42.01 11.59 85.21 18.21 43.26 
64.36 21.42 43.88 13.33 72.47 98.25 26.12 64.13 0.35 88.35 
44.91 54.50 89.14 22.24 22.17 53.29 60.63 36.34 5.72 4.06 
92.74 1.62 50.80 5.50 49.49 9.33 94.12 46.66 73.07 15.45 
40.95 60.97 71.01 70.38 10.57 88.26 56.14 85.44 10.18 58.63 
22.21 12.77 32.91 37.52 62.97 40.17 99.97 95.72 67.49 27.41 
92.34 93.59 49.62 35.64 42.39 93.59 94.27 26.43 80.62 39.95 
28.47 31.99 57.91 69.82 49.91 23.12 88.58 44.70 70.79 26.53 
84.51 16.48 59.88 68.00 75.80 66.92 90.48 42.99 38.03 84.74 
27.17 41.25 71.66 69.43 9.14 77.03 3.78 75.69 12.95 1.35 
7.50 37.72 2.39 98.01 59.38 37.37 98.50 89.89 80.12 5.13 
27.32 6.97 28.87 68.15 28.35 92.81 46.50 84.29 31.39 50.91 
68.06 26.24 34.73 57.67 49.80 4.84 42.37 93.29 81.12 45.57 
43.17 67.39 76.57 57.37 39.69 40.79 68.46 57.80 59.51 70.04 
45.21 43.59 6.96 26.30 5.81 20.69 37.95 65.05 25.73 32.81 
65.75 48.24 54.55 52.64 30.57 45.52 90.69 24.63 90.66 65.97 
3.38 73.54 17.92 96.93 97.46 17.84 5.58 51.62 41.08 51.80 
20.98 51.95 1.69 85.67 61.21 98.10 60.70 57.70 94.30 1.62 
2.02 57.24 93.92 83.31 94.85 22.95 0.40 62.72 16.06 5.18 
65.71 90.68 82.33 6.51 65.48 1.41 87.62 39.66 85.56 85.91 
65.97 66.67 16.29 13.07 25.21 8.55 11.93 50.02 21.74 39.36 
98.33 58.50 71.73 3.85 36.56 68.55 19.09 22.71 75.23 56.27 
5.46 74.43 49.51 77.11 12.58 67.91 9.43 31.32 72.30 44.91 
85.47 63.10 64.68 76.24 24.11 19.92 49.23 40.93 51.26 23.77 
99.92 2.39 46.31 30.72 39.02 20.53 34.64 80.44 90.23 64.06 
31.40 62.20 96.28 11.88 94.36 48.99 71.52 57.77 68.70 76.24 
84.57 57.24 31.43 66.69 91.55 80.91 68.41 28.08 65.01 63.10 
41.66 75.12 89.05 60.08 29.79 52.37 15.87 56.69 49.47 59.50 
4.01 85.67 90.54 5.62 83.67 48.62 22.89 44.15 19.37 52.64 
57.50 64.79 65.32 1.86 69.89 44.26 33.77 7.65 18.51 82.19 
21.64 6.92 15.92 73.92 65.75 2.30 35.66 96.61 22.06 63.32 
62.63 10.35 89.04 52.79 19.63 0.71 20.64 67.25 28.02 14.43 
99.16 5.68 85.36 64.65 63.23 5.53 67.62 7.43 11.32 9.98 
89.02 15.95 26.02 55.80 77.11 4.05 89.47 95.46 46.11 75.66 
85.20 92.99 76.06 1.65 6.68 57.24 30.91 50.71 17.98 1.98 
73.00 25.78 36.74 46.59 57.13 82.58 34.82 96.58 11.69 31.91 
76.99 68.01 39.85 52.13 42.85 44.70 98.65 63.48 2.44 82.55 
38.63 40.79 40.69 99.79 11.98 66.12 51.15 17.38 81.97 47.91 
44.32 38.56 91.39 58.18 40.75 81.61 72.98 64.38 44.39 4.92 
9.47 57.45 16.38 88.37 76.24 2.56 94.67 60.16 24.24 64.24 
29.74 83.10 86.04 82.36 31.76 39.40 12.93 0.56 49.45 78.14 
75.71 73.67 26.07 14.31 87.06 5.69 2.67 93.59 28.36 94.94 
64.09 62.00 88.68 87.88 47.93 4.29 48.75 68.13 61.80 40.28 
67.91 32.41 79.23 93.22 56.47 29.77 9.45 69.07 41.77 65.82 
61.43 11.03 60.33 98.41 47.49 18.10 34.19 76.43 96.78 41.90 
14.08 98.20 73.86 0.84 97.31 91.07 22.86 75.54 53.24 38.79 
82.40 74.73 13.99 8.14 41.60 85.58 13.36 51.49 32.61 47.60 
81.66 86.81 79.70 14.11 29.35 81.62 50.62 90.38 77.28 92.57 
80.17 62.49 16.21 37.14 61.45 56.02 3.69 98.98 25.22 88.46 
30.88 93.56 52.41 4.72 17.15 45.64 90.36 9.41 15.46 55.06 
67.89 35.35 36.07 52.51 29.73 11.99 21.60 71.85 35.34 23.15 
31.12 90.37 92.73 67.89 16.17 13.84 22.43 63.69 96.47 7.60 
71.86 55.96 68.15 0.52 25.61 23.04 2.34 13.19 81.80 90.51 
16.84 87.05 89.79 94.24 28.81 15.96 69.78 55.85 21.23 6.70 
59.31 59.98 80.85 20.13 57.20 47.15 90.68 69.42 60.19 61.55 
84.58 77.02 12.46 17.51 96.86 16.81 13.60 74.03 64.84 93.11 
55.05 31.23 66.87 33.14 80.58 87.76 3.98 94.26 90.93 23.45 
57.68 12.84 38.03 96.00 81.89 46.20 79.10 65.93 11.78 84.08 
85.91 88.88 97.28 31.37 29.50 39.12 94.12 88.62 85.75 53.62 
70.23 81.82 32.05 10.49 10.25 18.04 30.36 80.97 25.99 68.57 
17.06 19.10 5.72 6.02 44.80 77.89 59.99 47.03 46.77 66.42 
46.81 77.05 18.61 86.50 84.15 58.83 38.27 13.39 82.35 51.24 
69.29 9.27 54.42 89.77 17.56 83.77 86.97 5.54 37.05 40.49 
79.57 84.13 4.88 73.66 85.45 91.04 10.74 3.93 11.20 15.11 
31.37 67.37 58.43 6.65 85.10 96.82 15.08 11.68 86.89 59.47 
29.29 28.98 49.24 40.02 23.63 41.49 99.12 83.11 32.35 98.47 
6.37 34.47 69.76 50.21 43.90 44.57 62.24 61.73 24.77 23.91 
1.90 56.99 86.86 64.13 4.61 70.26 20.01 63.78 80.25 6.22 
56.27 23.09 47.99 35.25 68.43 96.46 54.37 75.56 47.11 17.12 
77.02 38.74 51.87 32.68 21.92 40.18 56.45 15.83 46.81 1.05 
33.65 39.23 68.77 93.29 50.03 28.56 38.63 4.32 65.79 32.92 
90.19 22.85 60.15 76.50 96.81 72.48 27.50 80.76 93.48 44.63 
14.72 70.97 46.92 7.33 94.88 6.39 81.72 91.45 97.66 97.99 
95.18 80.96 41.91 2.82 18.79 58.69 40.46 9.13 9.10 84.32 
72.70 51.31 75.71 6.00 45.07 18.57 79.43 32.20 84.92 46.64 
58.12 15.42 37.95 6.39 63.31 24.27 64.57 28.49 15.13 5.50 
55.50 28.18 8.67 62.51 11.93 19.18 29.29 1.92 60.57 30.85 
59.91 24.84 98.80 67.60 87.95 64.20 90.38 74.68 44.82 94.99 
56.96 99.38 35.75 68.69 35.61 61.67 42.73 48.64 97.92 73.39 
8.44 47.86 50.71 70.08 33.92 95.82 63.88 44.39 47.87 85.81 
95.56 95.28 30.30 79.49 9.97 31.99 98.36 70.00 8.27 96.81 
87.30 30.48 17.70 95.84 84.15 99.28 9.32 51.67 97.08 78.61 
39.71 17.09 68.26 48.14 36.89 13.94 62.90 20.05 75.76 86.07 
92.48 87.21 13.47 80.58 54.79 40.96 79.91 96.26 98.69 60.05 
43.71 63.48 46.47 97.39 99.04 44.42 31.40 16.10 43.52 67.80 
33.55 51.40 42.55 37.13 21.50 100.00 0.42 76.57 32.87 63.44 
83.37 3.42 51.35 97.06 65.14 41.43 63.22 41.00 90.12 13.73 
1.03 35.03 74.50 79.78 7.26 43.47 90.69 5.10 75.91 42.10 
5.45 78.06 54.63 43.28 66.85 12.64 15.40 61.17 60.49 1.33 
26.41 43.30 80.31 7.19 83.04 20.34 84.23 9.10 80.77 50.44 
29.93 39.31 37.75 59.70 11.24 77.36 99.90 5.56 40.17 89.41 
86.38 14.30 45.18 26.97 58.14 69.61 80.83 24.28 17.49 53.43 
69.13 58.17 71.41 65.97 18.04 59.70 16.43 76.12 87.20 91.41 
27.90 79.13 96.47 29.44 61.55 62.90 97.36 14.45 99.95 9.55 
52.82 60.46 1.84 83.81 95.58 35.66 37.21 84.78 60.53 54.29 
15.64 62.65 11.16 43.58 41.09 26.88 5.77 74.82 50.68 97.51 
73.33 72.75 20.40 76.02 94.67 42.16 45.45 37.49 9.09 75.82 
28.26 70.38 91.78 32.89 31.64 15.75 72.34 1.78 80.27 82.27 
89.80 86.48 17.99 38.73 4.23 80.61 53.95 10.52 10.57 18.00 
55.31 31.69 24.71 14.08 69.35 29.12 37.30 37.04 82.77 40.43 
55.47 72.80 51.01 92.09 78.01 72.94 55.43 89.35 73.96 99.56 
71.09 94.61 60.30 6.21 53.05 95.65 98.77 18.89 73.83 90.43 
57.30 6.24 70.11 39.90 6.26 52.90 81.17 65.48 44.92 75.23 
87.13 92.72 78.37 43.31 79.68 67.73 90.28 98.39 23.15 97.88 
81.74 79.81 88.73 93.39 71.51 0.41 69.59 11.46 78.06 34.61 
9.88 29.23 28.64 8.11 5.21 97.45 65.68 3.28 57.59 51.22 
45.91 19.43 92.50 79.44 52.45 51.80 71.08 79.47 65.19 78.59 
55.11 48.67 59.81 69.87 7.55 89.28 30.71 57.56 36.72 28.25 
58.18 30.51 16.54 78.58 65.09 43.74 41.04 93.71 33.51 55.87 
95.62 91.55 76.48 33.91 53.12 49.72 85.19 89.30 27.32 98.49 
97.12 34.45 41.87 63.12 55.11 73.66 97.26 31.98 53.01 67.71 
43.85 52.18 88.00 35.90 93.59 79.22 64.93 84.82 28.34 32.10 
23.09 77.87 87.63 30.70 80.62 84.52 43.57 16.75 16.90 73.42 
95.82 85.07 38.28 38.44 44.34 76.70 97.38 71.67 22.85 10.28 
61.32 22.49 0.72 53.50 49.24 6.65 86.10 60.95 84.30 54.60 
88.16 30.12 30.57 13.03 21.27 51.99 10.15 38.64 58.75 57.79 
20.68 48.29 69.32 88.54 98.71 14.59 93.74 38.93 99.19 20.94 
44.65 52.03 86.37 15.06 37.37 66.47 56.41 25.19 84.47 42.62 
37.11 27.91 11.89 19.33 34.92 81.69 79.50 77.80 24.71 65.22 
13.84 14.16 2.44 84.63 85.87 47.28 46.22 38.52 91.59 13.39 
55.90 55.08 18.27 24.13 66.68 40.17 4.15 89.47 56.83 0.53 
24.41 32.17 95.11 31.12 61.20 45.34 97.93 80.72 40.62 69.56 
91.74 34.80 44.35 91.25 0.93 79.72 28.82 88.75 6.47 37.37 
9.73 77.74 45.72 84.25 94.66 32.56 48.61 94.11 71.73 84.89 
30.65 68.22 86.93 26.57 87.85 42.17 68.08 67.83 64.17 83.58 
78.22 27.78 86.50 19.45 6.11 58.50 87.69 57.41 26.86 29.47 
62.92 89.87 90.31 23.69 29.62 95.18 20.07 22.33 86.33 74.76 
31.09 79.22 90.81 90.37 98.36 11.87 2.70 90.57 34.85 60.54 
61.07 40.28 61.21 92.01 92.05 92.82 75.26 49.43 67.07 68.09 
53.97 75.01 56.84 26.31 45.79 57.00 51.43 51.17 36.07 77.55 
41.81 81.53 93.51 63.00 83.08 55.69 30.35 63.18 84.84 57.38 
34.12 11.29 98.83 77.40 53.80 40.89 99.27 30.11 48.23 61.59 
76.25 88.73 29.45 20.01 87.32 28.53 58.95 97.52 37.77 92.08 
79.52 21.38 84.83 15.41 90.60 90.83 86.04 79.41 99.85 44.68 
37.25 75.24 8.82 21.93 70.48 98.07 15.54 92.10 6.87 8.10 
41.80 56.63 85.21 22.85 17.92 48.19 11.24 29.95 82.88 79.15 
98.08 34.31 82.63 16.03 93.00 78.96 74.29 81.38 11.07 3.34 
69.13 9.60 20.75 28.33 72.20 8.41 51.87 82.00 1.27 2.38 
21.34 5.12 93.04 60.24 96.74 0.56 29.29 32.30 43.33 15.53 
40.98 49.84 24.59 70.86 72.90 62.79 51.73 76.30 16.79 17.37 
2.38 95.86 45.77 0.23 53.93 52.41 7.82 0.70 1.65 85.43 
61.15 67.57 57.00 1.06 59.32 62.17 46.45 78.49 18.80 34.17 
56.10 21.81 26.96 71.62 92.38 71.27 73.13 1.99 54.24 13.08 
10.65 45.58 36.98 51.89 82.67 47.94 13.24 34.80 69.54 42.86 
61.30 41.21 40.65 22.52 35.99 77.38 18.35 16.26 2.77 39.87 
87.00 4.70 79.89 36.90 4.85 20.58 59.32 81.64 1.47 13.05 
1.57 96.56 68.73 76.88 24.70 92.94 78.02 73.15 32.92 14.38 
81.56 93.03 55.08 58.71 80.55 41.18 88.26 17.10 68.13 40.38 
66.92 94.48 79.76 83.83 2.84 0.45 8.99 86.86 66.09 24.64 
71.33 14.44 2.58 35.54 24.18 86.18 8.17 67.06 75.35 85.34 
5.01 81.58 38.35 23.36 90.09 23.89 16.95 36.55 51.55 4.80 
27.00 16.48 72.96 78.65 88.25 0.59 70.91 3.69 44.02 74.68 
36.20 99.50 91.49 63.68 73.92 40.38 30.49 12.46 62.86 48.87 
63.49 83.07 79.39 78.42 4.74 20.11 56.24 99.26 81.26 60.69 
71.43 26.63 33.58 90.56 87.73 55.28 48.95 73.06 87.89 89.39 
84.91 2.31 75.94 82.02 66.01 57.38 40.07 23.01 61.46 58.74 
97.01 39.57 76.58 53.93 63.73 98.45 15.83 83.58 26.24 23.89 
0.20 4.73 1.29 70.30 46.83 72.70 10.92 13.85 43.67 8.37 
15.34 51.92 76.94 2.09 74.46 24.54 94.25 31.18 33.31 96.91 
11.17 92.15 51.72 66.89 94.08 74.61 23.52 86.82 77.07 28.15 
55.62 13.42 95.80 98.85 2.32 25.07 46.00 37.04 74.99 70.37 
99.51 2.72 72.67 37.17 35.69 20.42 3.67 56.00 70.92 59.81 
93.76 77.13 94.06 43.83 0.87 85.15 40.75 10.83 82.06 40.20 
64.19 82.23 82.73 60.05 85.41 12.31 43.53 81.78 30.66 21.75 
45.26 67.45 88.90 41.39 37.08 42.63 47.07 17.75 18.34 81.87 
86.01 57.05 69.31 80.30 44.85 9.02 51.15 75.21 86.67 17.40 
20.48 6.87 23.26 88.32 28.72 32.55 81.69 53.41 1.74 32.82 
20.71 29.12 19.82 74.23 29.59 98.70 43.60 17.32 67.29 68.62 
56.02 84.20 24.84 75.74 15.70 24.58 18.58 47.01 42.09 44.51 
47.25 38.18 77.69 86.62 70.64 2.98 97.56 76.23 92.60 69.54 
61.57 72.16 56.33 25.45 29.60 86.43 84.60 38.05 85.07 61.85 
22.88 61.60 37.09 21.58 68.04 7.79 96.46 29.72 90.60 81.15 
46.01 27.05 83.18 6.08 50.45 30.84 93.01 96.82 76.03 12.98 
21.44 47.13 15.47 95.30 98.05 41.13 38.32 26.33 62.32 11.88 
12.13 28.38 10.67 99.35 64.72 29.19 91.54 84.17 82.94 17.02 
56.59 98.86 68.05 83.39 0.48 43.10 93.29 42.48 47.37 54.53 
33.71 41.26 66.80 11.69 63.70 99.34 26.68 70.60 42.54 42.76 
16.41 61.72 33.24 20.63 97.81 98.58 24.93 18.76 66.61 74.91 
54.31 9.33 32.52 51.60 46.17 0.64 50.48 60.28 18.60 76.04 
61.03 74.85 23.02 36.07 22.58 27.76 14.32 82.91 43.35 72.38 
71.61 11.13 45.86 18.14 14.66 93.89 21.77 90.07 86.52 78.59 
59.80 89.11 97.54 31.09 54.68 54.93 51.12 92.50 29.83 57.72 
96.55 37.58 31.61 70.58 79.17 49.00 78.02 98.99 83.23 46.23 
69.52 69.03 87.71 33.41 94.97 0.78 80.50 55.00 90.32 18.64 
1.12 73.52 32.99 74.92 7.41 8.29 79.67 88.44 86.48 99.20 
80.48 24.61 55.12 84.73 27.04 68.59 20.19 8.17 17.64 68.06 
94.10 91.07 46.95 47.18 85.81 38.12 53.35 18.35 12.63 62.37 
81.56 43.20 3.15 44.98 43.37 19.56 86.54 68.47 84.42 95.79 
88.64 87.56 89.69 39.18 80.12 26.70 85.56 9.81 46.93 18.29 
21.28 16.72 78.45 20.75 37.70 57.54 93.71 80.35 55.93 68.61 
50.78 25.98 43.87 36.70 9.87 10.95 43.44 49.31 45.32 40.76 
66.15 84.72 26.81 50.95 90.06 68.71 15.17 24.22 15.73 49.24 
43.03 60.62 64.11 65.78 75.60 40.18 24.17 14.87 72.02 41.76 
82.93 38.39 92.47 7.37 95.99 86.18 21.35 65.98 81.02 29.52 
1.99 55.82 42.41 27.02 2.99 9.31 59.47 69.59 61.70 89.62 
96.42 55.92 74.97 92.99 16.61 75.11 32.68 55.81 9.05 97.97 
14.16 30.56 59.92 3.58 93.02 19.62 26.92 92.72 20.45 81.16 
99.24 64.59 82.58 45.89 51.04 58.53 52.02 9.12 21.13 87.22 
78.94 86.77 76.81 12.98 92.02 49.77 44.54 43.67 4.62 75.66 
15.35 49.74 46.37 81.52 57.76 29.15 65.59 27.41 96.02 71.47 
72.86 4.16 36.54 98.00 20.95 44.79 50.21 79.17 41.54 23.45 
43.55 56.09 83.95 31.12 76.40 17.60 26.29 41.93 9.01 9.44 
54.20 9.31 86.39 77.12 27.68 56.00 92.60 69.09 81.13 46.96 
32.93 51.64 27.08 59.23 26.67 12.27 58.75 87.86 18.41 52.91 
71.99 51.92 40.57 99.75 51.60 89.68 84.99 81.01 92.66 56.97 
66.43 49.48 51.97 67.91 85.82 51.12 49.96 41.89 25.96 66.49 
68.42 46.04 37.61 76.51 14.41 47.14 98.68 29.00 45.47 12.04 
54.42 7.81 76.63 20.72 71.34 30.81 14.56 81.01 62.71 28.53 
88.87 58.97 68.52 79.94 76.32 64.17 97.57 6.81 37.87 53.66 
64.62 53.50 14.05 44.02 80.34 3.40 48.99 45.26 76.97 8.85 
38.38 55.81 77.36 35.95 21.56 82.59 40.29 50.94 63.32 75.23 
39.98 99.53 95.43 88.57 62.31 55.98 13.45 12.35 25.91 43.32 
48.90 32.33 60.69 51.31 62.40 11.79 1.71 3.72 27.75 7.51 
81.22 51.53 2.59 59.23 26.62 93.51 5.65 16.84 97.21 50.87 
46.19 94.05 17.55 47.42 75.70 62.96 90.14 71.87 57.35 28.29 
95.41 23.86 73.35 45.50 11.60 70.19 15.69 71.84 12.63 62.93 
30.44 64.36 26.44 95.83 11.01 63.92 61.95 0.71 60.60 29.34 
37.18 10.41 69.28 10.71 66.48 39.71 75.82 75.91 89.69 60.91 
9.85 29.38 50.95 75.67 34.32 87.31 60.09 9.48 33.94 98.20 
94.29 80.56 19.62 22.86 22.93 19.58 44.37 13.04 63.39 41.84 
50.94 52.53 0.58 98.41 96.52 50.04 28.14 57.95 24.77 97.74 
93.91 95.49 80.57 34.58 57.74 90.08 87.73 78.49 94.21 57.55 
34.98 16.46 98.23 70.19 40.66 66.62 76.33 39.71 91.20 51.33 
31.28 65.25 73.99 45.39 73.12 72.80 49.65 88.41 14.20 97.75 
34.32 75.34 31.09 87.03 86.97 64.42 1.28 22.47 22.32 66.31 
47.31 91.87 94.47 3.79 46.30 59.47 21.74 55.80 87.57 12.17 
47.86 25.10 86.30 83.36 59.88 93.50 85.83 80.56 8.23 53.76 
6.67 68.80 99.07 32.16 24.84 86.05 54.30 40.97 87.40 92.29 
59.63 24.62 98.08 78.95 45.86 88.91 30.63 90.11 73.88 27.14 
52.92 32.01 18.50 82.21 69.42 72.64 71.57 8.98 15.03 57.73 
9.62 25.60 57.85 94.85 96.42 68.21 94.05 82.10 15.63 87.87 
42.23 83.04 54.01 53.81 70.49 74.38 80.42 52.11 13.69 17.88 
90.87 93.92 63.92 33.30 15.11 72.09 41.95 73.63 4.82 30.50 
82.36 29.44 49.00 34.99 90.36 13.69 86.59 60.07 52.94 3.80 
11.83 30.35 12.22 42.30 92.65 80.85 33.85 22.78 47.24 25.23 
28.26 12.63 49.34 46.01 7.47 89.22 57.46 45.72 85.47 90.95 
88.21 23.31 54.78 9.84 79.36 64.57 97.14 77.19 12.60 60.87 
11.06 18.86 91.61 95.15 64.13 81.71 95.52 59.26 2.77 57.87 
53.21 91.69 77.42 58.25 8.74 49.82 65.74 11.97 73.16 55.66 
1.91 93.24 83.13 79.23 44.56 2.18 11.50 48.52 41.42 51.29 
0.31 0.31 73.25 34.01 11.47 10.63 85.03 76.94 15.42 69.15 
37.18 2.40 63.05 86.46 34.58 52.69 11.29 48.34 16.25 52.85 
97.63 56.03 13.49 13.24 83.78 16.62 9.28 98.75 14.04 72.61 
56.76 15.97 58.36 84.66 39.66 95.07 35.73 6.67 82.31 67.78 
37.95 17.15 42.31 68.22 99.27 96.07 43.46 8.00 82.08 61.10 
31.81 2.19 74.08 2.48 62.76 47.73 17.18 80.42 51.83 80.91 
13.40 74.14 47.04 65.30 78.22 96.74 5.77 86.91 36.51 14.73 
83.66 58.02 81.54 36.50 68.71 56.21 42.21 58.62 18.06 50.25 
28.96 84.22 80.54 89.40 53.56 52.28 12.58 57.57 43.15 42.12 
20.41 19.08 93.83 42.00 86.44 7.38 34.17 95.94 62.36 33.48 
93.77 67.83 37.10 15.57 97.42 86.95 12.24 56.32 30.02 63.77 
42.75 19.59 42.63 90.35 25.89 82.95 94.91 64.21 46.10 67.68 
54.32 99.79 8.56 72.76 97.39 16.63 19.45 64.40 83.31 18.20 
95.53 97.77 95.26 0.56 10.95 72.36 69.63 54.86 14.08 47.57 
58.66 52.75 72.15 70.23 96.59 28.74 26.61 90.37 64.80 98.64 
66.81 67.03 76.16 78.05 55.09 90.48 23.93 90.03 60.87 72.61 
65.54 76.04 86.68 81.85 36.54 49.05 93.84 24.40 15.03 53.13 
60.71 98.04 81.90 18.34 31.25 70.45 47.14 25.18 36.76 58.27 
37.71 17.50 98.49 8.66 66.92 28.07 44.14 9.86 31.13 5.78 
95.83 82.30 3.57 58.54 12.54 26.85 21.01 51.02 94.72 31.76 
83.30 21.22 83.93 64.87 11.32 4.89 15.31 2.58 33.42 82.02 
5.72 72.28 95.91 84.27 85.26 9.67 17.69 27.61 5.18 57.56 
34.49 58.99 79.77 57.84 2.94 31.32 45.15 12.94 59.85 45.74 
42.86 18.58 56.91 25.17 60.86 94.26 16.32 8.32 89.93 63.02 
77.35 78.18 78.17 57.14 29.51 64.02 91.53 51.22 52.35 80.98 
12.98 49.33 7.31 96.36 38.41 77.67 51.99 36.60 51.84 59.38 
72.07 74.04 87.82 73.05 51.17 57.55 13.91 21.48 24.11 76.08 
90.99 62.24 83.68 69.14 94.14 76.62 36.43 23.34 2.02 78.55 
27.60 19.04 87.61 89.97 80.70 16.15 67.83 34.28 21.88 93.13 
95.27 24.49 84.49 78.30 99.48 47.44 14.17 37.53 10.84 70.86 
19.71 7.22 24.73 24.75 39.98 86.94 88.91 33.57 22.38 30.42 
21.79 0.94 32.96 99.24 94.46 73.32 43.60 68.17 34.39 34.22 
66.56 96.24 33.43 5.64 31.73 2.50 68.06 58.05 26.84 10.81 
64.67 55.79 45.95 52.34 67.66 89.15 16.62 40.20 93.14 69.90 
0.91 54.99 76.18 91.75 90.75 5.56 44.25 82.31 42.73 53.81 
74.77 98.12 22.82 17.81 19.58 39.26 56.26 92.15 4.05 85.28 
2.92 49.69 33.79 78.73 3.50 13.60 66.62 8.08 66.78 14.07 
32.75 66.57 93.37 68.36 10.86 88.39 56.12 48.57 92.98 88.94 
82.67 26.00 95.97 60.64 10.26 6.29 2.33 0.86 8.31 94.34 
38.29 73.57 88.94 52.99 21.85 31.18 50.79 44.72 38.76 48.26 
26.46 70.30 28.99 43.62 28.91 43.40 91.80 92.33 17.01 65.38 
42.00 54.24 25.76 89.24 75.30 70.53 31.27 86.71 25.59 5.01 
45.96 57.70 21.90 31.43 64.27 46.12 77.86 93.73 4.11 50.99 
71.55 90.45 14.48 47.17 98.44 60.14 44.52 54.52 5.31 69.12 
94.19 19.69 37.94 28.32 92.20 99.61 60.37 90.61 71.08 60.62 
28.57 5.32 35.10 32.45 26.33 31.43 41.07 81.04 96.10 36.01 
37.53 89.25 22.76 29.50 32.46 59.54 52.97 14.29 84.97 77.71 
57.98 48.36 41.24 1.74 72.76 50.36 59.97 64.74 69.12 97.73 
97.71 6.17 45.82 94.48 49.40 70.36 43.34 10.20 64.34 36.29 
16.19 16.74 82.97 67.91 20.48 74.30 64.83 98.82 99.77 43.28 
2.88 90.54 76.74 23.71 44.54 28.34 83.73 48.60 64.87 43.81 
89.78 82.82 62.01 78.07 7.17 4.25 70.39 24.75 85.02 68.44 
11.85 16.95 23.05 83.68 30.12 46.96 63.11 47.81 78.85 33.01 
41.34 23.40 58.65 72.10 8.80 52.91 23.30 42.86 53.42 40.32 
0.52 47.59 80.93 50.89 97.63 7.56 37.79 5.44 87.38 50.53 
83.73 70.91 94.23 54.68 46.92 73.66 26.50 37.92 19.37 87.07 
24.57 6.64 75.49 70.00 20.52 3.08 21.72 57.73 29.53 15.23 
9.73 31.90 18.35 38.38 71.43 20.98 21.04 2.47 58.14 7.91 
97.50 4.15 92.19 46.42 54.89 7.69 63.36 12.56 77.46 3.89 
28.27 43.15 34.86 40.82 95.36 37.47 64.50 65.72 3.34 24.03 
48.06 41.95 25.88 18.74 27.60 30.07 60.45 26.21 31.52 47.20 
84.01 60.63 5.69 43.63 83.39 87.86 70.07 60.76 93.21 15.35 
46.14 59.53 99.16 81.20 25.42 33.21 89.39 19.29 74.47 43.81 
61.83 1.73 96.52 46.08 20.36 85.35 95.32 88.10 17.50 13.77 
11.16 2.69 26.50 51.57 24.72 28.55 50.66 52.19 48.81 25.24 
2.66 86.03 53.50 71.07 11.70 80.44 94.74 58.05 41.32 47.99 
42.07 22.73 25.67 4.80 25.38 77.24 57.02 5.26 46.38 29.47 
82.38 44.88 24.87 6.46 92.02 7.81 75.14 20.07 7.65 60.39 
32.97 39.01 3.19 17.69 78.30 56.29 15.83 34.14 24.14 66.14 
30.23 95.17 66.79 89.39 43.66 11.29 17.88 11.62 45.00 41.08 
63.46 22.76 65.22 94.87 20.35 72.58 82.28 95.46 85.35 80.88 
88.29 97.56 97.22 66.55 51.61 92.47 57.14 84.55 31.85 49.63 
77.73 84.82 30.48 71.48 55.90 32.29 84.89 63.29 90.12 51.96 
38.75 44.49 87.04 88.08 46.44 53.10 28.16 91.68 94.32 19.73 
91.53 75.25 46.84 12.81 49.03 98.89 50.01 81.57 84.42 76.74 
50.33 48.32 2.45 18.01 11.77 26.64 24.53 41.48 38.79 66.97 
90.97 27.56 38.05 56.22 15.43 97.13 76.78 22.99 61.61 30.96 
20.49 24.85 37.69 69.03 57.88 19.35 28.72 53.61 45.84 45.26 
12.33 5.34 32.18 65.67 28.05 46.21 39.10 49.43 95.56 8.56 
15.07 92.55 2.14 94.32 87.96 6.07 4.75 73.17 77.31 22.05 
16.88 34.20 48.44 94.15 75.65 29.60 16.30 94.43 9.38 74.87 
31.82 32.86 50.91 94.40 8.61 51.19 67.10 26.44 72.79 67.70 
99.73 26.73 43.79 74.33 38.15 34.64 78.90 12.90 68.92 91.02 
39.40 81.82 72.92 21.71 61.15 49.99 65.05 25.92 37.29 79.37 
96.94 33.39 46.01 82.77 67.99 19.50 81.15 68.49 14.96 92.32 
68.47 48.36 75.59 90.71 75.30 10.66 46.32 57.54 46.55 84.63 
79.69 77.04 24.72 47.92 91.52 90.37 36.90 53.82 73.32 28.51 
56.36 79.56 30.13 26.44 71.76 22.44 89.21 7.81 21.63 95.20 
49.82 54.01 77.07 97.36 69.46 96.81 80.26 63.95 6.78 98.58 
71.94 18.24 66.60 9.19 65.28 80.03 17.27 13.65 49.29 6.13 
75.72 9.45 29.33 64.45 80.49 77.86 37.75 68.38 98.03 38.05 
72.21 23.03 32.69 98.25 44.84 59.75 35.53 42.89 49.66 60.68 
32.50 19.86 81.40 99.79 17.03 16.97 63.38 51.91 77.57 41.55 
67.22 46.50 55.33 42.40 32.35 67.54 52.38 38.06 17.96 26.19 
35.73 40.51 45.35 57.77 7.36 88.33 13.36 19.62 35.77 28.37 
94.78 91.40 69.24 10.09 46.57 4.38 76.15 81.45 91.63 51.34 
82.65 0.65 54.91 53.53 3.01 2.55 61.85 86.40 82.98 84.00 
31.71 90.49 1.39 97.04 23.83 19.24 0.47 64.10 19.49 0.12 
39.95 54.26 47.23 10.69 95.56 84.50 84.42 96.19 46.95 35.25 
92.98 80.20 25.52 94.08 71.91 44.93 17.47 66.68 34.60 82.66 
42.26 19.20 43.59 44.98 51.91 41.04 60.73 41.35 21.45 41.99 
95.44 63.48 25.69 23.09 58.92 37.22 22.87 84.90 57.19 28.44 
90.24 62.57 80.66 54.43 82.04 1.54 73.05 77.45 5.22 13.12 
87.67 82.03 33.02 73.77 63.53 62.45 2.00 57.48 79.46 72.06 
62.54 14.97 68.69 10.97 78.39 38.98 2.09 53.73 95.37 79.67 
72.49 43.45 24.63 99.16 38.23 4.00 10.86 79.30 8.50 46.88 
80.56 21.76 78.44 74.25 90.87 4.35 46.78 4.71 24.17 82.92 
73.72 73.39 98.82 52.59 62.07 82.95 91.29 7.61 69.27 7.01 
90.06 63.73 83.19 72.56 26.55 32.33 19.56 72.98 53.44 60.18 
23.72 88.12 65.64 74.06 84.62 13.16 84.23 94.15 93.87 22.66 
48.77 5.43 7.55 21.42 88.15 0.96 93.70 58.81 65.41 36.22 
73.32 7.89 16.77 58.60 87.51 36.21 30.24 0.98 48.84 19.48 
34.07 53.57 59.50 75.10 90.39 53.04 4.21 16.63 14.33 52.96 
50.67 56.24 63.94 64.69 15.28 6.32 71.23 82.73 77.03 57.03 
9.61 33.60 47.41 31.31 18.15 12.31 28.97 43.86 27.75 95.53 
20.56 15.69 59.84 45.42 51.94 20.82 92.58 43.29 55.54 66.61 
15.22 17.12 8.36 34.48 15.64 51.92 1.56 32.28 71.54 97.15 
20.80 35.13 40.55 10.12 45.01 16.23 69.64 99.51 96.39 94.08 
68.96 58.00 99.53 47.85 20.64 98.23 32.44 77.33 17.77 30.95 
77.24 9.11 53.76 49.52 3.42 75.46 7.64 9.89 41.36 17.58 
95.40 20.01 29.09 89.72 82.71 77.72 39.92 65.70 79.51 21.36 
23.91 74.47 61.53 81.95 20.86 16.26 89.21 51.09 27.72 35.78 
19.34 3.72 28.26 54.20 29.61 39.64 17.65 86.31 1.53 32.97 
79.95 94.57 31.93 3.65 1.26 56.45 68.37 49.86 26.24 46.81 
88.84 5.62 91.00 61.71 70.96 12.51 89.98 35.29 21.07 19.63 
59.83 26.35 58.49 50.88 87.86 76.01 75.26 3.49 78.16 63.24 
16.70 67.06 32.93 9.63 53.07 77.01 32.01 10.04 37.63 41.62 
18.39 90.74 71.51 6.60 22.42 21.53 20.55 46.37 82.66 33.37 
54.55 96.06 46.10 18.28 4.22 63.26 55.61 12.73 56.00 83.68 
57.38 91.52 30.37 9.63 86.18 23.23 13.57 45.56 11.34 64.26 
38.41 69.60 51.09 92.71 34.23 5.16 88.25 8.72 91.41 31.78 
44.93 53.00 10.83 49.12 99.20 19.89 33.35 33.26 51.40 66.64 
69.95 49.36 73.04 45.46 77.55 9.72 95.94 9.89 50.99 91.35 
24.57 71.97 26.43 51.97 79.39 12.00 16.50 8.75 3.88 67.15 
22.49 68.57 93.17 50.72 93.86 24.16 27.09 78.55 30.52 54.82 
15.43 4.04 48.02 96.23 88.20 88.48 51.08 67.93 88.71 58.20 
85.69 72.98 52.32 25.08 65.23 8.48 78.65 71.98 90.67 51.35 
30.03 29.73 10.51 8.12 14.06 97.16 90.42 43.04 33.05 80.71 
88.16 23.48 8.20 55.32 53.94 46.58 11.21 73.01 1.60 36.42 
61.34 70.81 20.88 25.62 70.53 54.54 26.15 60.43 44.52 60.05 
61.86 93.53 72.70 18.47 10.03 53.36 64.59 77.00 70.11 4.24 
15.70 51.86 6.54 36.31 10.54 14.92 84.27 49.25 95.75 40.58 
37.58 18.91 80.98 64.43 42.55 61.00 50.46 30.40 88.37 30.68 
92.99 27.69 68.04 22.41 83.23 44.39 33.41 58.79 72.08 88.97 
85.32 82.75 68.93 56.57 93.72 91.96 23.58 41.36 68.35 79.64 
40.81 21.76 25.29 70.69 85.10 69.84 19.50 67.41 58.67 61.74 
38.86 43.66 60.34 90.45 79.95 51.68 58.26 7.61 50.84 30.50 
34.15 45.89 71.29 30.15 81.96 98.46 65.58 90.64 68.78 57.21 
68.36 39.71 90.68 36.19 88.81 98.60 81.47 31.86 3.36 9.71 
57.04 96.72 72.40 25.36 3.19 27.92 1.18 21.57 39.75 97.31 
90.30 26.10 18.71 74.62 46.03 74.59 39.33 20.22 45.82 34.12 
87.89 49.09 79.29 58.00 34.98 92.58 10.04 61.06 48.17 9.40 
28.57 29.32 2.75 22.57 91.59 3.32 98.45 83.77 68.12 98.90 
14.97 91.71 37.60 54.78 64.03 16.09 10.40 20.75 20.89 3.60 
65.94 25.72 42.98 67.71 28.92 89.60 8.63 88.70 28.69 68.03 
33.62 75.43 12.38 44.23 48.31 65.56 6.85 6.67 43.34 65.72 
49.97 77.05 16.49 58.12 36.36 77.31 78.66 25.30 48.04 49.90 
1.79 69.41 65.27 70.35 16.44 27.82 77.87 16.15 91.87 11.37 
42.28 81.07 56.51 16.95 54.84 48.96 41.54 91.04 36.40 66.07 
55.42 45.57 48.75 75.93 22.21 52.90 87.99 5.99 41.46 71.29 
25.42 19.87 52.51 77.53 90.93 74.46 10.97 8.25 19.55 45.87 
10.25 36.48 6.14 13.25 5.89 35.07 38.83 14.64 25.56 3.41 
6.29 13.77 72.53 59.16 99.27 42.06 55.33 21.46 51.75 4.72 
1.61 37.20 91.82 65.04 38.82 26.90 97.87 46.07 49.57 51.87 
80.20 13.54 34.62 28.99 33.43 29.25 41.08 44.93 30.04 88.92 
38.82 46.15 50.35 83.56 52.84 6.42 69.19 48.49 84.38 98.30 
44.68 88.92 78.63 20.19 79.33 96.37 21.83 55.52 48.85 94.77 
75.58 65.63 18.87 80.51 81.17 42.92 95.10 45.29 91.74 75.74 
76.96 96.04 15.06 1.79 10.25 10.82 74.83 51.32 58.94 94.84 
23.18 6.96 41.65 25.61 62.30 31.51 2.87 1.36 57.94 40.44 
14.42 31.70 52.62 20.55 27.41 34.66 11.38 21.33 19.92 29.14 
57.83 70.78 10.91 36.79 83.35 91.91 35.47 32.47 37.29 21.89 
1.81 7.30 30.87 60.04 75.34 33.35 12.75 96.47 60.14 44.09 
98.87 97.81 72.98 69.56 64.65 51.68 30.49 90.48 32.05 96.38 
94.48 0.17 9.63 87.37 46.01 88.53 68.06 77.18 83.30 86.99 
59.32 10.25 63.85 38.61 11.92 59.23 36.25 82.27 60.41 54.43 
31.68 65.19 91.67 82.79 10.72 22.63 15.92 58.17 85.59 88.98 
95.30 89.27 63.17 29.28 87.72 96.93 79.20 5.18 88.90 57.32 
18.83 14.44 80.34 72.55 43.97 68.07 16.09 95.26 72.66 94.06 
6.03 58.82 80.82 81.88 78.67 89.65 21.65 6.74 31.01 3.22 
83.02 97.76 98.54 10.26 28.21 38.94 3.00 84.91 90.22 17.21 
60.85 71.11 14.97 56.44 60.09 29.02 73.85 1.58 38.46 47.92 
90.70 41.98 20.67 77.14 53.73 87.90 97.53 51.70 7.58 39.29 
54.79 14.07 45.87 10.97 84.51 58.68 49.62 3.20 36.70 50.83 
41.63 31.68 94.24 96.39 52.46 56.15 78.59 63.96 18.03 71.55 
19.42 86.07 54.31 50.84 45.68 90.94 79.37 53.58 81.23 41.31 
78.14 39.22 52.48 82.05 30.08 49.32 41.26 22.92 45.23 47.64 
40.33 8.29 78.82 32.18 94.69 50.07 19.83 58.31 36.22 25.70 
73.82 36.98 44.68 67.64 85.20 97.03 92.77 95.84 69.52 25.82 
58.04 69.93 50.78 27.07 9.58 62.54 24.36 60.10 2.16 80.44 
90.68 49.43 35.74 84.93 29.95 78.89 63.14 88.11 13.44 9.24 
53.62 26.68 71.36 83.44 45.26 39.61 62.95 8.48 43.91 1.52 
18.77 28.05 51.57 88.04 50.76 24.91 31.91 74.99 50.28 17.14 
45.87 97.76 19.44 37.29 15.07 22.46 6.04 8.53 95.85 5.56 
37.43 56.79 71.79 43.36 73.61 23.04 97.48 38.04 24.92 64.70 
51.42 31.72 4.53 60.30 80.72 85.22 11.14 56.40 45.61 2.91 
62.18 20.85 96.39 30.44 22.78 91.51 40.79 76.66 0.90 34.40 
84.38 36.50 3.79 50.38 52.00 16.28 76.33 94.46 23.00 88.02 
66.28 96.76 37.92 24.25 87.01 99.14 59.72 90.08 72.80 46.73 
97.12 93.87 47.23 98.19 23.02 23.13 49.79 43.94 45.67 17.36 
91.14 46.36 15.60 54.09 32.31 41.01 75.88 50.06 8.09 62.97 
88.76 3.73 40.03 87.28 96.33 30.97 9.25 97.70 98.09 70.33 
84.45 22.67 53.21 59.50 25.42 2.68 40.36 9.55 7.35 77.98 
32.81 28.46 36.21 10.82 71.71 70.55 50.58 81.23 45.33 13.34 
30.29 20.36 7.04 88.41 56.97 70.46 89.91 17.82 97.08 85.68 
0.69 32.70 2.58 12.57 0.95 75.49 49.55 14.43 8.34 12.44 
60.19 28.61 75.60 7.92 78.35 70.77 30.21 37.16 94.02 25.16 
82.58 38.86 37.12 85.00 35.41 34.35 85.71 32.05 52.21 64.78 
59.16 69.35 67.67 23.02 91.51 46.31 47.72 81.61 5.22 40.08 
32.20 43.64 30.82 82.37 17.75 67.77 42.62 45.75 63.91 44.27 
5.86 28.46 30.17 23.41 55.61 1.83 76.77 22.91 52.68 9.37 
87.10 65.92 86.97 31.54 94.50 26.15 23.38 55.36 21.22 81.68 
10.85 12.84 62.49 4.05 99.57 77.34 73.30 34.10 36.90 31.86 
40.95 21.29 37.13 48.37 50.96 27.84 45.57 42.35 79.32 24.52 
42.13 91.30 68.77 29.34 54.77 31.62 71.97 66.03 78.13 72.72 
69.47 43.58 17.68 92.51 95.06 83.61 4.60 3.21 26.58 47.05 
51.87 1.77 24.75 36.67 46.67 43.71 28.12 77.07 99.65 4.62 
36.59 98.66 96.10 18.28 41.70 77.24 19.66 5.55 86.18 5.67 
43.52 32.99 60.78 99.25 9.74 65.40 71.10 61.34 41.86 1.18 
32.24 60.83 61.03 4.72 74.08 97.96 1.16 74.83 65.11 60.06 
43.29 13.25 87.39 93.88 14.47 82.31 20.70 45.85 21.55 65.83 
18.52 47.13 15.11 72.31 83.79 44.70 3.91 44.44 77.09 5.32 
65.13 64.04 15.24 43.72 20.70 66.49 43.00 51.74 75.07 3.65 
85.75 29.87 34.77 19.43 15.89 47.78 54.91 26.97 90.90 85.48 
83.15 1.56 45.73 31.53 96.28 28.39 47.45 40.01 49.85 69.08 
44.82 72.69 85.99 36.15 70.86 78.06 69.99 89.45 80.89 83.69 
50.69 93.68 34.12 3.59 65.16 0.91 51.52 87.05 32.91 47.37 
7.72 60.50 9.99 78.35 39.84 39.07 98.24 40.50 81.01 9.31 
30.03 5.35 51.42 9.66 73.83 13.40 64.70 60.23 30.84 52.51 
32.43 18.50 18.11 9.95 74.65 62.39 58.34 62.00 69.06 27.41 
21.77 90.22 96.92 49.33 90.42 38.42 68.19 88.99 39.98 49.46 
34.06 40.79 59.77 45.85 19.30 51.49 55.87 43.28 32.64 0.72 
8.01 11.15 37.63 19.97 75.25 19.08 92.06 51.49 71.03 33.56 
88.59 73.66 52.62 53.76 54.54 44.47 95.58 0.52 93.45 39.60 
48.33 97.68 76.47 86.72 87.15 9.72 16.21 22.51 17.13 24.82 
80.91 24.03 89.04 97.42 31.81 90.94 27.84 89.25 91.39 80.19 
92.73 73.04 75.51 19.67 14.37 87.82 46.96 52.47 79.46 59.99 
73.58 88.28 57.91 29.11 98.45 63.40 93.12 42.68 55.18 36.10 
0.44 8.62 86.03 68.76 44.32 19.92 45.58 73.32 89.41 90.20 
98.01 21.83 45.76 64.43 40.51 48.35 53.77 93.78 10.86 93.96 
78.82 88.69 61.86 71.47 11.18 89.28 10.49 51.23 91.39 17.01 
94.59 94.74 6.44 96.84 94.83 87.55 27.04 63.82 4.90 48.08 
81.31 93.23 57.57 13.84 85.28 18.28 39.62 31.69 75.38 24.56 
53.23 3.61 13.26 35.09 6.90 64.67 58.38 25.26 43.44 94.65 
28.52 31.54 38.11 89.92 93.61 43.20 24.48 47.11 73.18 90.85 
31.01 35.24 32.70 71.19 36.06 57.68 99.23 71.73 74.16 30.73 
41.55 84.69 51.39 30.16 85.18 24.21 52.60 82.44 57.58 85.70 
48.42 2.18 83.86 11.69 34.72 2.23 78.21 52.98 62.42 28.23 
1.56 39.31 40.48 93.90 80.57 98.53 19.77 18.90 8.38 88.45 
90.79 95.59 72.47 30.23 52.94 36.42 79.80 57.60 38.18 78.41 
74.68 20.81 96.88 46.37 69.58 9.42 78.72 1.31 34.33 83.05 
66.45 25.73 13.81 24.05 45.18 22.22 69.69 51.23 15.29 27.10 
66.30 58.69 81.45 65.44 46.13 68.80 75.83 99.26 65.16 13.41 
98.18 45.27 83.35 82.35 80.57 63.87 30.67 3.25 9.73 45.87 
93.85 41.80 64.64 48.51 94.36 36.48 52.31 57.42 52.66 6.83 
49.55 75.95 59.38 99.25 83.41 68.52 98.33 59.60 8.30 9.61 
92.09 46.34 62.44 14.76 65.11 23.66 11.58 55.37 44.91 98.27 
12.67 83.66 46.50 89.21 55.39 19.54 10.45 44.60 64.37 75.78 
89.91 44.45 69.78 23.16 6.82 53.52 79.26 22.12 22.68 13.38 
8.90 72.45 94.24 87.66 56.13 57.70 9.28 99.64 22.29 85.62 
22.93 26.14 17.77 51.52 39.79 36.81 7.43 75.85 12.16 92.94 
79.18 92.65 49.66 44.78 43.52 90.54 60.64 91.43 96.88 32.59 
70.62 92.46 6.50 6.86 88.09 45.18 99.70 83.96 12.98 66.75 
65.39 83.46 8.13 45.08 0.59 75.35 79.06 47.71 59.78 68.50 
32.35 2.62 89.85 62.42 7.93 90.04 58.62 63.93 5.66 9.46 
9.49 95.37 51.38 10.71 0.30 45.93 72.92 3.29 8.96 42.49 
81.17 82.99 13.90 41.75 76.76 39.85 81.99 70.08 27.46 36.57 
21.76 62.67 86.71 71.29 84.83 78.58 48.59 64.04 23.24 93.24 
59.53 30.69 35.60 94.94 32.03 33.59 59.77 36.86 30.81 22.95 
94.98 21.28 26.59 7.96 61.14 17.46 37.85 21.81 28.14 39.75 
5.94 69.60 73.05 37.55 73.74 73.18 47.88 73.65 63.29 52.14 
65.88 92.46 72.69 4.73 39.04 4.85 37.41 78.10 24.73 40.89 
26.67 41.66 64.19 47.40 69.82 2.80 20.74 31.58 33.27 28.85 
50.53 77.42 93.28 64.59 63.59 86.42 74.74 59.11 58.05 19.22 
51.52 41.27 35.31 39.63 28.40 7.76 28.95 87.70 50.22 12.79 
5.30 33.31 8.23 73.51 18.30 86.97 39.23 30.22 26.66 69.19 
37.68 25.44 5.96 65.24 26.05 90.89 13.67 16.62 53.85 56.41 
89.73 25.95 20.55 19.92 0.64 76.84 42.76 42.54 59.80 95.16 
10.94 57.81 81.91 3.51 6.00 9.12 54.35 45.17 71.03 54.48 
33.14 79.42 58.58 2.61 96.54 74.41 98.67 69.42 13.87 49.54 
58.00 69.00 12.61 43.57 85.49 78.13 51.30 10.26 64.64 38.37 
31.34 67.99 17.88 84.84 5.30 54.90 33.34 15.70 64.68 66.27 
9.22 41.43 14.77 75.46 36.24 77.95 69.69 65.20 63.33 72.64 
25.10 20.65 16.93 77.38 91.68 60.85 69.25 7.53 97.00 10.12 
75.74 51.12 88.66 35.96 27.15 17.14 96.54 4.99 86.39 37.00 
36.95 33.57 5.61 58.45 66.43 34.58 43.79 95.60 18.15 86.94 
30.07 24.59 78.56 79.48 43.22 38.57 87.27 5.64 2.56 1.29 
67.79 10.71 90.59 63.24 22.15 17.94 52.68 29.52 46.99 85.32 
44.12 93.37 54.13 69.45 19.84 74.50 3.32 98.10 87.14 26.29 
79.97 78.02 66.70 0.87 75.79 89.60 32.22 86.20 54.99 44.84 
23.95 54.14 14.03 10.37 56.50 83.70 67.52 21.85 66.21 48.36 
18.33 41.52 68.32 81.67 94.51 35.35 19.35 60.11 60.95 71.39 
5.03 67.30 38.52 65.89 98.89 28.64 88.62 28.66 62.13 30.42 
45.80 84.43 79.77 62.39 6.37 71.53 53.62 48.08 5.78 44.68 
97.30 51.61 42.56 33.26 3.57 75.36 31.68 31.76 79.40 87.35 
95.13 23.91 68.99 42.46 22.46 67.07 10.09 86.63 59.20 88.39 
93.95 57.96 5.94 69.43 24.19 23.91 35.81 20.66 94.90 18.49 
63.27 72.47 33.30 68.77 21.98 34.29 77.28 24.46 34.56 98.25 
83.06 29.87 82.01 89.16 83.40 2.17 5.78 87.13 41.57 5.11 
100.00 74.55 71.49 32.13 76.98 83.95 19.18 38.11 13.63 48.30 
26.10 83.63 11.63 80.34 19.41 80.91 29.22 32.41 99.67 55.54 
67.35 13.45 21.21 62.88 18.04 64.72 85.41 23.41 7.79 20.72 
92.42 65.93 93.79 6.97 21.36 92.77 95.79 51.12 34.53 5.99 
71.43 9.06 25.80 58.73 67.81 32.46 58.60 20.65 7.21 29.49 
63.77 71.73 89.60 95.04 92.53 63.14 19.97 12.21 45.01 9.70 
93.09 51.55 19.53 2.52 93.66 19.57 53.02 56.31 94.56 33.19 
47.84 30.10 61.13 21.59 5.38 85.60 94.09 82.06 11.68 72.20 
69.19 41.46 45.42 52.73 56.15 99.77 3.55 9.00 24.88 57.34 
65.01 91.12 71.61 52.37 37.62 99.83 23.01 60.29 58.70 15.73 
0.81 31.42 44.52 14.56 54.96 68.62 9.06 32.62 98.04 71.43 
97.28 71.29 98.72 98.32 3.27 54.81 17.17 23.46 68.57 80.34 
90.15 89.85 80.99 24.34 98.58 85.02 19.20 94.41 75.55 91.17 
13.46 40.56 37.33 86.17 17.79 65.03 45.47 96.95 13.83 94.72 
32.55 31.95 91.80 5.25 49.66 44.11 78.79 10.80 18.11 0.99 
9.74 58.63 93.47 63.58 61.40 92.57 74.56 0.38 94.61 74.35 
15.32 88.28 75.19 76.92 22.27 76.83 68.70 88.76 45.50 17.42 
29.54 93.39 95.84 84.03 29.51 12.97 46.21 36.96 96.27 30.07 
99.78 6.28 56.98 26.88 32.87 96.40 7.45 5.59 45.41 38.42 
52.00 79.32 76.65 41.79 84.56 47.47 69.06 21.88 6.10 94.54 
88.22 4.95 98.82 76.71 31.41 37.15 2.44 84.87 82.85 49.04 
62.78 98.58 98.25 52.35 48.07 69.67 26.66 70.26 53.19 99.73 
2.30 28.14 37.32 0.54 64.18 55.89 65.08 51.44 86.44 78.85 
46.64 92.75 27.11 98.52 97.12 19.28 28.11 89.86 60.48 62.97 
24.39 66.61 68.25 78.85 44.94 91.25 28.56 73.15 13.48 31.18 
65.49 37.90 81.72 87.62 54.36 80.79 52.89 48.87 23.05 64.64 
78.50 44.33 14.80 95.31 35.97 1.17 32.71 22.29 20.07 29.78 
11.28 40.83 5.96 89.96 85.38 9.93 66.58 14.10 51.84 25.03 
52.28 89.21 44.01 9.56 65.46 24.02 64.68 14.42 88.05 53.05 
47.60 39.40 44.60 53.99 42.88 15.71 8.89 80.00 46.65 13.49 
86.75 33.58 20.35 63.58 32.98 33.46 69.71 7.49 85.19 51.11 
79.10 14.58 22.31 18.49 21.23 30.75 80.64 33.52 87.69 47.34 
85.24 14.85 10.67 4.66 79.43 82.53 70.96 69.00 60.30 66.17 
12.85 47.19 52.91 66.98 10.99 27.92 81.20 25.54 59.58 63.70 
18.12 71.51 79.36 32.63 23.15 57.23 62.45 44.05 99.68 1.40 
0.61 77.03 30.37 94.71 67.00 65.90 73.00 43.75 46.96 71.78 
24.92 54.91 38.00 4.25 88.65 84.80 64.31 82.09 96.67 8.69 
76.14 47.34 78.03 83.63 29.42 71.58 74.68 7.67 65.78 18.62 
40.33 1.99 38.44 52.52 79.66 67.17 54.15 5.15 10.63 90.48 
26.61 42.25 57.79 5.51 61.62 92.12 9.34 30.88 19.24 25.92 
95.77 39.48 23.36 3.73 72.90 34.83 13.92 25.38 17.11 36.14 
62.15 50.16 65.62 98.67 94.03 74.40 59.62 20.81 92.50 81.02 
72.93 14.63 73.45 0.14 34.27 41.32 56.03 44.79 75.70 38.15 
72.52 10.78 65.18 88.51 88.02 54.75 6.00 11.55 25.31 89.55 
10.93 73.02 15.27 60.97 83.93 43.90 18.03 94.85 67.10 58.28 
85.24 28.68 35.85 47.18 58.82 66.74 50.02 49.76 26.38 22.82 
93.75 28.60 78.72 39.62 61.89 40.47 39.71 98.86 75.93 39.30 
63.83 61.18 36.98 12.76 21.70 99.88 48.92 79.20 18.88 17.58 
69.24 96.29 18.36 59.87 70.64 58.15 61.89 64.93 21.03 82.30 
10.61 13.33 14.81 13.27 50.18 66.94 13.21 94.10 30.83 11.07 
76.60 82.64 37.56 38.91 96.40 13.87 10.79 42.28 59.58 35.14 
62.87 97.88 3.51 65.62 60.68 62.87 43.87 56.63 69.64 19.12 
83.58 54.48 79.49 30.00 35.52 92.27 57.09 98.81 16.76 62.21 
96.62 42.95 97.23 45.19 62.39 22.94 10.62 98.91 44.72 90.16 
60.22 31.37 74.08 42.59 77.69 11.10 63.81 2.54 17.41 90.79 
76.84 55.32 94.29 45.92 36.59 13.09 97.85 54.77 27.44 92.85 
40.47 71.66 55.08 22.65 22.36 69.64 61.99 15.06 21.40 54.52 
18.47 72.03 40.44 76.59 34.40 10.14 69.87 91.63 62.19 20.30 
48.46 47.85 86.10 1.06 30.05 0.26 18.31 29.39 89.07 79.02 
47.04 58.26 22.58 63.38 7.07 54.85 31.83 37.74 67.89 18.58 
90.83 31.40 59.83 42.98 35.16 68.56 83.55 10.48 28.44 80.17 
73.08 34.14 89.51 54.08 7.84 85.46 88.11 25.23 93.84 72.28 
41.74 32.30 59.49 55.79 71.66 92.37 36.25 20.82 0.79 70.31 
19.40 38.41 1.29 44.30 29.42 84.68 24.63 94.12 19.04 5.16 
72.12 63.74 96.53 38.59 88.39 74.83 60.27 39.21 86.01 92.64 
65.20 61.70 33.77 70.98 66.24 97.77 66.57 27.68 9.07 78.40 
99.73 27.21 63.64 81.00 55.46 72.04 20.64 5.32 34.40 29.15 
96.22 7.27 89.93 43.44 15.42 4.76 88.21 14.50 69.44 94.53 
61.60 38.32 67.22 44.15 88.36 40.47 26.51 48.06 56.50 52.42 
74.82 61.95 94.43 7.40 55.57 54.38 76.38 57.52 59.74 39.70 
35.32 38.61 28.22 81.48 41.22 34.41 95.43 80.31 27.43 16.57 
69.20 85.23 73.04 62.19 67.54 92.67 74.03 75.28 57.36 22.11 
60.93 63.79 65.59 82.44 45.97 48.86 57.95 68.12 7.35 7.66 
5.76 49.15 43.57 76.51 86.02 44.00 55.63 65.86 85.06 89.49 
39.78 63.57 1.20 46.68 98.82 28.24 66.60 6.90 4.61 98.93 
33.66 86.93 69.68 73.02 96.28 27.38 10.78 28.67 41.33 33.37 
12.01 93.49 50.56 21.58 20.64 85.94 98.37 62.63 33.13 81.06 
15.62 33.08 54.34 77.09 14.93 15.79 37.72 64.49 97.68 13.01 
39.24 24.04 88.09 61.08 42.87 5.41 64.62 60.84 40.56 62.94 
84.10 62.85 74.31 50.07 18.81 71.44 73.32 99.03 51.87 56.71 
43.99 37.36 1.24 88.44 95.48 17.79 67.67 31.06 8.86 63.06 
26.84 63.76 82.38 52.29 11.13 14.70 10.93 0.34 51.13 23.46 
82.36 6.87 72.45 70.81 98.51 76.54 67.99 39.78 53.73 37.00 
90.90 97.16 28.80 6.16 38.85 9.49 82.90 85.38 24.52 32.54 
51.64 80.10 52.99 38.45 83.79 74.41 51.09 69.46 74.60 11.24 
19.15 32.43 78.52 54.71 0.40 73.09 9.18 36.09 88.39 94.17 
59.30 10.09 17.69 6.44 98.46 72.90 8.20 26.70 31.59 18.66 
58.39 61.85 25.81 35.85 7.81 42.96 38.56 70.19 14.09 98.64 
4.93 5.59 14.84 81.52 66.70 39.76 69.76 87.08 51.21 55.98 
3.13 28.77 32.75 17.65 92.25 58.59 34.19 37.12 71.85 47.13 
51.88 95.46 50.01 62.15 11.38 14.59 55.82 9.71 87.09 8.49 
64.05 27.04 43.31 64.95 67.17 41.06 79.87 34.40 90.16 31.75 
89.80 27.53 68.13 64.30 62.14 48.06 32.42 79.21 87.51 12.41 
75.18 54.38 49.38 32.69 87.92 78.19 8.73 64.67 94.36 97.71 
15.06 47.25 22.71 31.04 1.41 84.95 87.92 57.93 46.32 50.08 
79.04 27.61 10.46 6.13 72.12 48.03 80.83 78.78 13.84 45.46 
80.26 26.40 46.36 8.61 25.04 86.31 68.47 56.27 38.52 98.51 
53.55 92.51 53.51 33.44 69.63 38.59 61.23 75.25 71.67 55.58 
89.63 37.29 61.66 96.75 19.00 11.21 36.63 53.81 67.50 76.32 
69.98 86.06 4.60 20.83 96.41 46.56 75.11 51.37 95.81 44.25 
41.73 92.59 96.36 6.24 78.77 3.10 42.17 29.19 75.07 59.61 
95.84 34.03 28.72 85.60 71.10 62.81 41.56 26.29 16.04 82.03 
46.13 96.27 92.10 81.30 22.97 51.44 19.13 81.52 91.16 61.96 
81.93 91.57 79.64 87.45 18.54 77.57 12.47 81.36 35.52 33.91 
65.55 75.82 20.64 69.85 77.82 23.63 48.22 51.00 24.60 98.95 
97.51 59.67 86.01 83.26 29.29 63.03 68.17 88.10 91.14 3.35 
60.06 91.23 46.61 49.20 33.87 87.68 48.67 71.77 21.57 82.38 
2.66 35.38 25.61 75.76 89.09 16.17 46.45 19.06 41.73 88.09 
34.87 40.80 1.03 40.24 1.78 70.99 88.45 14.66 43.27 14.68 
71.88 78.46 64.00 51.39 17.46 69.70 6.32 61.96 48.15 80.63 
18.35 9.40 54.39 67.78 18.48 25.36 27.06 2.69 39.46 78.66 
8.14 2.40 59.45 27.56 79.39 3.85 53.33 82.24 34.29 71.15 
21.69 29.17 3.60 49.84 80.49 93.75 29.87 7.18 19.24 43.00 
11.16 22.52 60.37 54.71 59.33 16.88 77.74 4.61 43.17 35.69 
57.00 48.23 11.75 23.85 5.71 98.97 18.19 57.14 45.92 28.83 
89.32 19.05 47.13 43.56 11.36 37.03 82.34 8.63 27.09 17.32 
15.15 27.61 64.74 42.39 50.54 99.68 43.92 19.99 7.24 7.56 
28.92 97.97 94.56 12.65 24.70 83.87 1.37 58.85 35.87 33.33 
30.10 11.65 33.89 96.46 33.61 83.97 3.03 36.14 37.68 25.44 
60.14 57.36 56.92 76.63 68.70 11.72 37.06 14.72 92.38 65.98 
81.17 42.33 58.57 48.94 42.91 95.85 26.95 15.50 94.42 75.10 
83.64 92.20 1.72 20.66 6.13 93.03 65.48 90.53 69.30 19.82 
9.94 12.66 87.89 86.10 27.71 14.97 15.67 28.58 13.45 59.33 
46.77 95.31 44.02 31.10 89.21 24.53 88.15 60.84 6.23 53.32 
53.19 79.66 45.56 20.09 1.96 34.88 2.02 50.00 97.39 17.45 
83.67 37.33 57.89 77.81 76.98 63.90 31.00 31.61 31.13 17.59 
18.53 82.04 6.97 99.98 10.61 10.12 60.76 37.27 11.69 9.68 
58.12 33.46 66.32 68.53 38.49 29.89 17.30 22.37 75.32 60.13 
54.31 33.01 2.45 14.44 35.58 67.49 1.89 52.70 90.58 79.60 
73.32 29.93 36.46 20.47 30.64 23.54 66.04 29.68 95.92 76.22 
90.25 83.49 86.01 93.65 42.75 1.78 12.09 61.08 79.55 40.29 
37.61 67.79 31.50 19.55 64.76 53.52 92.39 67.36 44.92 15.97 
50.56 76.03 33.33 43.35 96.68 1.30 33.28 61.14 65.76 54.17 
0.24 7.03 95.87 62.46 1.08 73.14 11.75 3.56 48.85 79.68 
65.81 34.83 58.30 68.88 94.55 73.46 92.54 33.48 73.02 2.13 
96.17 18.77 75.34 2.07 35.04 62.16 73.97 40.25 88.19 59.47 
35.50 62.00 62.04 71.89 95.88 65.85 22.35 12.78 22.88 62.05 
64.07 78.29 98.52 41.26 64.59 10.87 79.37 5.21 90.54 9.80 
17.46 35.59 53.53 27.71 49.67 2.95 35.16 17.23 88.41 42.12 
26.49 16.77 71.33 45.67 52.49 89.56 52.95 51.97 76.62 54.95 
46.03 29.51 5.84 76.05 45.41 83.92 41.50 92.81 92.17 39.32 
46.31 14.53 61.03 70.58 22.75 10.98 78.58 87.95 23.19 65.99 
5.38 0.78 37.10 82.87 39.61 11.74 25.56 55.38 25.05 18.19 
98.54 43.62 71.41 22.26 55.10 18.69 19.52 76.18 31.87 65.29 
9.48 14.38 30.24 56.28 34.35 49.01 17.36 38.30 87.42 30.43 
21.48 92.44 35.60 99.15 66.77 59.14 77.02 80.82 18.02 41.22 
65.47 0.95 30.55 24.29 9.51 20.70 25.57 78.47 79.22 20.51 
36.35 30.46 78.13 83.03 95.50 20.20 63.38 51.84 58.70 80.98 
21.87 67.80 85.15 7.14 35.08 9.20 20.04 98.53 90.57 87.59 
49.46 95.54 22.79 75.74 22.90 44.07 91.17 69.25 63.80 54.24 
28.19 8.43 13.39 42.06 15.27 11.98 78.10 68.04 69.35 99.12 
75.95 11.88 47.90 1.55 2.16 47.21 5.15 91.99 59.29 5.53 
57.55 80.80 22.29 43.34 40.93 57.14 33.66 51.59 67.52 76.44 
49.15 71.41 15.41 20.50 79.27 5.37 8.37 82.02 96.84 38.09 
68.84 49.93 6.07 5.44 51.80 97.20 93.27 76.34 92.46 97.63 
4.70 36.23 25.59 23.25 21.73 86.22 59.11 98.77 28.71 97.05 
10.00 14.83 93.79 81.93 35.17 26.37 8.07 77.24 15.21 87.97 
53.36 45.20 73.73 2.43 93.85 37.63 40.17 84.36 12.05 84.77 
88.97 65.29 34.24 98.24 12.62 91.81 15.81 2.29 11.87 93.32 
81.75 32.23 10.38 21.05 42.70 64.34 27.10 84.75 31.69 66.07 
63.87 38.74 32.08 80.79 91.19 93.83 91.90 86.01 39.95 56.69 
44.91 89.31 31.93 23.21 83.74 50.77 6.89 77.40 55.36 46.26 
29.04 72.54 74.28 10.47 80.73 95.81 73.68 23.73 76.12 43.40 
39.84 31.85 52.76 57.29 0.26 12.84 23.74 0.43 60.62 29.70 
98.34 71.93 11.04 33.33 3.93 88.67 46.79 4.55 66.94 85.03 
74.05 49.40 35.79 7.23 95.63 86.65 53.43 3.85 97.33 91.74 
12.45 39.15 80.03 86.10 50.58 80.64 7.95 85.89 69.19 37.57 
68.25 49.36 82.90 51.86 62.44 86.77 32.86 68.05 74.84 21.92 
21.66 33.75 88.34 19.52 52.60 7.28 42.92 17.23 81.18 74.01 
57.07 26.60 11.66 97.89 57.62 91.93 96.36 59.88 88.04 21.06 
20.66 59.64 90.81 27.25 81.47 82.34 83.96 46.12 91.94 56.77 
77.12 16.75 70.22 56.67 97.52 41.02 95.23 21.62 21.10 60.24 
37.00 99.16 29.15 13.08 94.60 34.58 35.73 63.99 99.44 60.15 
56.20 16.00 66.60 60.13 12.17 47.15 2.23 13.27 93.23 34.44 
99.67 39.30 20.68 54.48 82.12 0.97 83.66 74.85 74.79 38.26 
42.92 75.26 14.20 36.25 22.60 62.53 27.45 53.22 35.33 68.51 
39.48 60.67 10.93 44.96 90.76 71.56 23.97 94.44 73.66 58.64 
40.70 1.36 19.88 89.20 30.40 52.11 97.16 27.90 11.69 58.51 
97.69 84.26 28.95 23.42 26.42 6.28 79.28 12.84 21.70 46.91 
35.20 23.28 66.43 54.71 33.55 58.72 72.21 65.53 25.70 56.04 
44.54 96.49 9.63 23.05 61.73 69.08 88.94 78.22 25.46 12.77 
29.31 6.08 65.65 25.74 7.57 67.45 7.60 94.34 73.86 28.48 
34.14 97.77 71.92 97.63 0.57 49.61 88.18 84.64 85.32 52.69 
24.65 20.43 83.97 68.91 16.11 2.27 79.67 30.61 36.80 52.93 
47.46 44.93 67.05 8.20 75.70 67.89 14.99 71.60 12.02 49.54 
13.82 0.47 66.89 77.02 39.88 12.49 32.49 66.77 21.75 26.63 
99.78 82.76 35.91 77.68 81.39 82.07 9.01 68.32 73.46 14.52 
72.29 47.93 13.91 27.83 38.26 32.07 20.20 54.96 95.20 1.72 
14.24 85.10 39.47 46.42 67.36 44.92 91.29 40.33 23.10 41.65 
64.01 65.19 80.59 44.53 82.39 19.38 46.51 6.21 70.05 77.07 
88.18 50.61 51.51 86.49 45.85 78.94 39.10 21.45 86.78 70.26 
0.02 25.19 9.14 78.26 23.90 10.47 28.31 50.79 36.18 5.18 
3.59 23.77 27.53 57.35 88.07 65.84 94.83 38.73 9.37 75.60 
13.73 10.97 14.23 57.74 88.40 43.41 34.65 29.84 48.52 96.67 
58.44 36.17 89.08 10.97 11.93 70.34 73.05 63.33 87.77 33.04 
42.38 82.64 75.51 76.72 7.68 36.72 77.85 13.60 11.76 30.46 
20.33 88.60 87.39 79.00 87.31 43.84 54.69 45.07 42.01 26.13 
28.32 54.61 13.45 14.14 29.84 29.59 58.11 66.74 25.63 2.29 
29.11 19.11 35.53 99.87 10.68 78.15 82.65 13.46 0.86 93.77 
79.53 90.87 50.06 7.63 71.16 16.72 88.45 5.88 79.95 69.42 
99.92 27.50 23.07 68.72 25.41 4.65 97.54 53.13 3.51 36.89 
53.20 51.19 81.00 25.52 99.11 35.59 51.26 19.76 13.42 74.32 
3.37 51.38 52.30 17.82 89.54 59.16 78.00 86.26 43.97 29.93 
51.53 45.96 10.67 7.68 60.19 89.01 63.22 47.27 75.25 55.23 
24.26 14.31 60.12 60.42 17.43 57.84 74.37 20.09 9.72 7.34 
43.82 82.57 26.92 70.54 92.05 10.74 50.05 33.73 53.66 76.31 
25.51 91.07 14.62 55.76 46.89 54.49 49.90 42.06 91.12 20.63 
53.85 11.09 16.81 96.56 83.55 6.96 57.70 10.73 60.40 35.22 
68.82 60.72 0.46 78.08 8.41 74.39 68.56 70.62 63.20 85.94 
76.73 2.09 50.04 53.50 72.20 31.45 51.52 69.79 85.22 31.02 
68.62 42.41 32.05 97.50 97.92 45.27 93.47 94.33 66.42 67.88 
14.11 14.39 81.66 13.80 92.79 77.27 80.02 25.17 59.44 0.01 
80.92 34.46 58.59 5.44 79.81 70.43 85.08 57.22 37.80 69.51 
41.99 35.56 50.59 69.37 16.34 92.78 4.66 86.16 92.70 52.62 
53.51 2.05 50.19 42.57 71.64 14.54 13.05 73.12 69.26 24.14 
50.09 3.02 75.41 62.02 43.45 54.71 22.41 84.18 71.88 68.82 
89.28 83.65 78.88 11.97 87.17 97.31 21.04 76.82 94.43 8.96 
16.82 38.48 74.22 75.09 41.18 56.30 32.47 24.97 36.31 35.16 
98.93 11.65 33.75 85.34 39.24 15.40 8.32 44.84 30.74 26.10 
9.01 53.57 59.84 56.26 37.34 93.05 23.84 61.12 68.29 31.09 
44.90 67.51 34.26 35.13 29.09 37.87 17.40 43.67 28.17 21.16 
20.43 9.52 87.17 67.12 11.45 54.19 85.25 5.46 63.02 97.33 
2.99 16.61 30.73 50.35 73.65 45.45 41.67 88.21 1.38 34.73 
88.02 38.60 54.11 79.68 46.26 52.35 63.98 30.35 67.01 44.34 
93.09 93.27 6.10 18.84 47.41 9.00 92.04 18.38 46.60 7.11 
50.20 60.24 82.69 65.20 29.09 49.60 25.22 23.41 98.94 83.39 
55.89 31.14 18.01 83.94 40.36 27.43 86.86 26.48 70.07 81.56 
35.96 49.55 31.88 45.52 16.82 62.38 88.41 94.83 92.18 88.28 
76.79 59.33 45.31 8.19 58.66 70.41 53.95 93.33 79.34 76.38 
99.06 41.10 18.78 2.42 3.80 53.25 42.30 56.76 22.92 20.42 
83.84 9.56 28.02 2.07 19.49 96.16 58.91 15.91 14.24 21.21 
36.35 75.80 49.59 65.16 56.61 42.36 65.06 19.86 12.99 75.11 
71.14 4.67 14.76 0.42 16.76 39.69 98.79 34.24 18.87 77.74 
54.10 23.63 87.10 21.49 4.78 96.25 1.21 77.55 21.48 31.79 
24.26 23.79 56.84 94.45 59.12 91.70 25.18 90.50 81.33 90.21 
71.70 40.05 6.05 22.63 1.56 76.98 71.88 73.14 64.17 16.18 
49.33 64.50 12.90 52.15 6.95 13.57 85.64 78.01 92.63 36.08 
76.47 38.95 13.18 77.29 93.74 59.26 19.78 70.11 24.90 6.92 
32.24 47.21 53.38 84.86 59.82 58.72 97.81 62.98 1.47 72.01 
68.95 89.90 33.26 55.24 64.60 48.56 15.82 71.06 47.80 44.81 
79.64 32.22 78.63 42.87 70.99 95.50 94.97 86.86 66.32 95.62 
62.49 72.49 87.88 45.64 39.15 57.79 78.50 55.40 24.65 27.19 
18.20 44.63 89.94 47.79 90.53 52.22 7.32 82.02 31.44 68.28 
26.29 45.70 18.45 40.47 65.52 25.58 83.01 31.25 16.25 95.42 
53.76 27.53 77.44 94.64 63.63 29.38 67.94 58.66 78.46 69.25 
86.06 14.94 30.04 38.37 11.78 83.83 61.36 21.76 71.98 48.24 
16.88 68.63 13.94 81.26 35.60 49.44 57.52 45.70 29.86 76.45 
21.13 4.68 57.47 89.17 42.10 7.38 20.21 31.33 36.49 38.84 
46.38 70.88 68.82 48.10 40.27 39.66 26.90 93.51 6.24 94.25 
22.30 69.50 80.48 24.56 61.41 3.67 27.93 61.77 57.81 38.39 
87.49 62.08 80.95 35.94 73.11 67.98 61.60 71.25 63.62 73.49 
99.36 1.28 39.27 44.96 42.51 25.12 47.48 74.00 35.58 73.93 
6.01 64.12 54.83 94.65 75.92 77.59 77.13 16.64 62.57 94.17 
52.38 15.38 27.15 58.16 74.87 12.06 16.65 15.42 73.88 73.38 
45.21 66.91 68.90 0.48 84.42 90.25 59.55 21.03 45.60 5.97 
45.86 23.74 61.79 89.89 98.94 99.07 2.19 58.30 27.40 75.46 
77.01 77.42 10.06 64.97 15.40 73.79 89.86 57.47 24.40 47.04 
49.72 27.47 61.61 11.69 15.29 42.50 79.45 19.54 55.14 87.39 
23.83 39.18 73.65 43.13 95.03 94.13 16.78 84.74 3.59 86.32 
36.30 86.98 79.00 56.35 82.46 52.01 14.12 57.13 20.73 98.17 
52.96 42.43 92.70 73.74 54.78 97.00 66.53 84.99 92.30 59.71 
47.33 52.34 66.71 16.32 42.62 33.88 47.50 63.46 3.35 80.19 
69.72 70.36 85.71 9.61 46.64 89.86 4.02 17.93 80.50 95.39 
70.06 61.69 79.23 45.26 39.19 79.01 11.99 1.09 8.43 37.13 
61.21 51.68 36.95 20.59 54.09 19.15 84.29 99.33 81.26 48.60 
86.45 40.51 35.52 8.19 15.36 53.31 28.34 50.92 91.99 80.69 
67.04 14.86 48.28 77.15 0.46 63.26 58.41 36.66 65.82 91.24 
84.58 59.67 94.75 50.45 7.66 73.39 61.13 68.47 37.98 44.36 
78.71 64.29 26.67 47.35 81.23 86.63 22.76 79.64 42.80 26.54 
46.43 34.85 21.56 80.88 73.59 75.24 34.18 68.22 52.36 66.61 
94.16 23.82 96.43 64.93 71.77 25.08 25.92 68.56 58.29 24.16 
50.81 75.44 42.54 89.35 17.43 8.92 32.38 81.58 63.25 1.68 
79.05 17.82 50.21 51.52 87.19 97.85 72.05 88.19 18.24 95.99 
55.88 15.37 20.22 44.25 3.22 16.79 41.46 58.67 41.02 40.50 
11.36 85.17 77.73 0.58 95.76 66.68 84.98 60.00 59.84 57.99 
49.97 84.10 96.44 39.90 69.02 78.35 2.36 9.26 77.50 49.79 
10.82 46.48 36.59 55.99 12.51 87.02 21.99 30.69 23.32 48.41 
85.04 0.16 81.44 89.48 81.50 29.36 81.69 3.21 88.36 61.94 
79.80 69.88 53.89 43.11 24.60 21.99 51.35 39.58 0.83 97.62 
31.60 95.42 90.39 83.68 94.97 88.10 84.87 75.67 27.62 73.64 
7.15 5.54 72.89 35.05 24.94 14.16 32.68 72.94 63.97 69.95 
19.42 2.63 53.72 60.32 3.77 46.52 63.50 7.37 28.53 36.01 
11.66 84.53 83.84 62.00 55.74 35.61 64.26 37.87 96.43 22.81 
52.78 64.20 53.07 55.38 2.30 9.23 93.58 75.35 9.67 44.02 
26.54 1.98 2.83 96.55 88.42 61.45 86.21 13.65 83.43 53.37 
14.66 44.99 59.23 30.66 91.49 88.02 25.98 94.39 10.54 58.06 
51.66 30.11 87.96 72.51 91.52 37.27 53.78 63.36 34.38 28.22 
98.64 56.87 73.68 98.42 96.09 84.71 36.00 94.49 45.59 15.43 
24.96 31.40 6.70 20.44 63.23 35.71 19.66 13.53 40.52 16.17 
32.71 27.97 0.32 88.32 81.47 20.25 23.24 4.67 90.68 14.62 
89.70 67.02 93.61 27.32 29.94 22.48 89.47 34.71 93.89 69.69 
84.12 74.32 99.00 26.91 84.38 92.84 38.66 38.47 41.26 80.15 
59.10 21.19 62.47 53.48 37.50 77.22 39.42 80.68 19.28 25.05 
